5000
320493
3343274
4345176
4935525
5717301
6684305
6977958
7131369
7967550
9514969
9898186
11796894
12628515
12830853
13829176
14306042
14318793
14512497
14863357
14954086
18071947
18293236
18593250
20312963
21728690
23507020
24933566
26492459
28501473
28502951
31597371
32486287
33480146
33858901
34496786
34672150
36309379
37141878
37432902
39978103
40376240
41223731
43540882
44818039
45338831
45460944
46396405
47274549
47892678
48863064
49716527
50481039
50593813
52368799
53883836
54005820
55836465
56773789
57492931
57573502
57937424
58485876
58682878
59495101
60026568
60883028
63085338
66152460
67361217
68180227
69707695
72736117
74175388
75633899
77951391
82282367
82651349
83421551
85241279
86605246
90188797
90303262
91237257
91821301
95598273
97718996
98301379
101178564
101747688
103208212
106566395
107144853
109970334
110490300
111085396
112318633
112884638
113304487
114035371
114261893
115586498
115718212
116715092
118289515
121658463
127270304
128821398
128941021
130372261
130572380
130636698
134862159
135070842
135119918
135148465
136554492
137435696
140833964
147674730
148419551
148525141
151383556
155028922
160271706
160277313
162238196
164196228
164573786
166144551
168069578
168816410
173061851
176409135
176957646
178176462
180345541
184941790
188418361
188522341
192329299
192565570
193260531
193509958
193911443
194807321
194848202
195704014
196965218
198585846
198649978
202915868
203467633
203546737
204023028
204631593
207207412
209439234
210388146
211489664
211747319
212138999
213916023
214261342
215191096
217060313
217128574
218480138
220433604
220955188
220959566
221397317
225649359
226578761
227302276
230716074
232270456
232688052
233858452
236386871
236763613
240216217
240885231
241740081
242491459
243406460
243979818
244573890
244622728
244997162
245277739
247314727
247597479
247839454
248282622
251208080
253803729
256032206
256176332
256611435
258455584
258926406
262159391
263387631
264122406
264148029
266363232
270859676
271063201
278274907
279294969
280763998
281558996
283458315
284971969
285407871
285531407
286790049
287784362
288908709
290258572
292166496
294233141
294350320
294872696
296673108
297078621
298598347
299149866
301864617
302135769
302347325
303880012
304251454
304840392
306095636
306436443
307860234
308405593
308658413
309325831
309709076
310345565
310741565
311905689
311930328
312073865
314300644
317817011
318076763
318745466
319514158
322641622
323119630
323871909
324146777
328045459
329351169
331833562
334926144
335739586
339114870
339217861
347625924
348980537
349154859
349540904
352949770
354245657
355170358
355302734
356010008
356434294
356477390
357940614
361546662
363507848
365296012
366620821
368167426
368474673
368856786
370376355
372196953
372798092
374671302
380556590
383238007
385385919
388263556
388749651
389040851
389295126
392706274
392990486
393236961
398075397
401720959
402315439
403170786
403561469
404949494
406470122
408706819
409993088
410070458
413098562
414659864
417428728
418238832
419331668
420173792
421384597
423359703
426878467
427220390
427254717
428311897
428325917
429148225
429494764
430341508
430402771
430495149
431691055
432135284
432605434
432707587
432818657
432996451
433404138
433706291
434476106
434583027
434797348
437426513
439490591
440290767
442037604
447043997
448175368
449158618
449199783
452205038
454365443
458201131
459521678
462234920
464511349
464973113
465025045
465162453
465823252
466141778
468492628
470812973
471270279
474383636
475128494
475926896
476571155
476641534
477602810
477876786
478050199
478370504
478443330
479696131
480943897
482840228
483055110
484241468
484758267
485833714
488534432
489210673
490609401
491972430
493724073
495511210
496051730
496384588
496447507
497237727
497396920
498031061
498241190
498407409
498485920
498583545
498622105
498763852
499077558
501972638
503739023
505064473
505635668
506964713
507317602
507701228
507867298
509317118
509371864
509757884
509990357
510471577
511076647
513255652
513506141
514047226
514199572
514730494
514743213
515394910
515432282
517156396
517613571
518745224
519301664
519666648
519925155
521064620
521409008
523282447
523377835
524259116
525196225
525728042
525928983
527992103
528505884
529328212
531275085
531515730
533301551
534319112
536631653
538479392
543726120
544267787
544994311
545098394
545335130
546271829
548415827
549080680
550049341
552629494
553324217
553397062
556683038
557136612
557453842
559087752
559234400
559765516
561351402
566092080
566837070
567478054
571516169
572038287
574225931
575089696
576836679
580355794
580745362
582931653
583855432
585389793
587538279
590093665
590459880
590659897
592047877
592566453
592934886
593949328
594233951
595768893
596852737
598807374
599980673
602246579
603366674
603949551
606458985
607143178
607381366
608501178
609277083
611755142
611953219
614104058
616333011
617535313
617586432
619945069
620773403
620847366
622043256
622160465
626725881
629393672
630444006
631866129
633681467
634255085
634858248
634980559
638680331
639740874
642012937
643976654
645723412
648125042
650959636
650981394
651205824
651793007
651887358
651935648
652397847
653330426
655068691
655398314
656135901
656842069
661173989
661736325
666092932
667627188
671684394
673649959
673703291
675311303
675586386
675635740
677280508
679316423
683593670
687169413
688934474
689223215
692394106
693738417
693986726
695752288
697412551
698330253
699314480
700247041
700396583
701748318
704157071
704473196
704523490
704851060
705837140
707231460
708701367
713194279
713446051
713982990
715882807
716552979
717683055
718677434
719178699
719391386
720119707
720739849
721128257
725927830
725967243
728713347
732425996
735555610
735748621
736819403
737016092
738436594
743488181
744706199
746781987
747394756
748190973
750943950
750967080
751742825
751818478
754729903
755227682
757562522
763090191
765366827
766858167
766954771
769484914
771252359
772151885
773563847
776181312
776445988
778335569
779070790
779377573
779974635
780919088
781945389
782539930
784331126
785689149
790590993
791036795
791683407
794336600
795339850
796520829
797995099
798002362
798520134
798739982
800070130
800199703
800683766
801825813
805140135
805145476
805168377
806980940
807218650
809205437
812801030
815621071
817830296
821279366
822813800
823404293
823659548
823810653
825951477
828116373
829198626
829814051
830996629
831246782
831255531
831831798
831896954
832506078
834857531
835088562
837120662
839475126
841610671
841972532
844118098
844618188
844693189
845486276
846158081
846907446
849216354
851757940
852027250
852823620
853061499
853785430
854521296
855728187
857466785
858180411
858966324
859207670
862173786
862862041
863014110
863228623
863464786
865344819
865469509
869307701
870210697
872874789
873916538
875685881
876553106
876812498
876952112
877859088
881386150
882294977
883416475
885102801
886112244
886513901
887633320
888726513
890038185
892443543
892593460
893007400
894023211
895358227
895654032
895766270
895987203
896054404
898962273
899896385
900345788
900786253
904966244
905363436
905436627
906081872
909277786
912490125
914125601
915410566
916623567
917898459
920042944
920991642
921163251
924442586
928444532
929872693
930275860
931999863
934188457
936727680
938312313
939723457
940187562
940590285
941148390
941475163
941802404
941948570
943386683
945326905
945676960
945892359
950253620
950804046
953702861
953914344
954366198
956453145
956771517
958274284
958533377
959956513
960522389
960667646
961413744
963568598
964064101
964783741
965055428
965509428
966452870
966538622
966603084
967140160
968550175
971352115
972917325
973065389
973120694
975019124
975319115
976315450
976748516
977749416
978697398
980173131
980405462
982419894
983862857
985094432
985559498
987429457
987481748
987660900
990111074
992872645
993523717
993601468
994549019
994647435
994837024
996444574
998214274
998362229
1000553105
1002961903
1004580647
1005386373
1006178957
1008365370
1015198849
1015541213
1023159718
1023673037
1024161315
1024614195
1026858981
1028527365
1037180308
1037977080
1038698803
1039250868
1042179316
1044456650
1044743266
1045642609
1045666624
1046924314
1051681088
1053008792
1054298973
1056537635
1059234666
1063938364
1065414004
1066337208
1066622198
1067334769
1067423392
1068033559
1070356802
1070951217
1071117358
1072062528
1073491509
1073647523
1074619701
1075835040
1076793862
1077042884
1077496398
1077814435
1078129289
1080740342
1083721425
1084706601
1084734044
1085402073
1087144969
1090377211
1090855346
1091181110
1092604943
1092632257
1093624825
1094170875
1095582512
1095911141
1096911611
1097293241
1097316326
1097430924
1097450074
1099125971
1100893152
1101666046
1104936650
1105671152
1115068375
1119931207
1120666112
1121136426
1122114333
1124752139
1126191015
1129802883
1130622241
1136435173
1137170546
1140428091
1141034856
1142386559
1142506679
1142879461
1143279709
1143646736
1143903950
1145344207
1146668285
1148754756
1149872747
1150049336
1152195202
1153492578
1154544464
1155114244
1156098868
1158771640
1161250509
1161474275
1162010742
1162347926
1170172483
1172592903
1172875309
1175120033
1175532894
1176006144
1177753286
1180327087
1180387697
1181432631
1181653102
1182042200
1182772374
1183748183
1184548295
1191153314
1192699897
1197663336
1198150605
1200340767
1201741235
1201807129
1202863174
1203372519
1203443457
1204589720
1204872936
1205757139
1208463587
1208641844
1212425157
1212572391
1212685123
1212740598
1214504054
1215174572
1216883478
1217461817
1218736416
1222705706
1222728321
1224684964
1226123380
1229378135
1229813011
1231159686
1231491290
1233603698
1235817917
1239564053
1240074413
1243649827
1244310880
1244881446
1244902067
1244990190
1246918681
1250789286
1251414338
1252493370
1252514165
1252762325
1254988681
1256112013
1257094290
1258233378
1258551137
1261356035
1262425231
1263541712
1264585181
1264800904
1265730446
1266680066
1268865003
1269330168
1271838560
1273425888
1274177008
1275552282
1275632874
1275911182
1276405722
1277470058
1278156011
1280759671
1281396836
1282578887
1283844804
1284919576
1285631136
1286464960
1287372113
1288001443
1289778597
1293066970
1293339833
1294915446
1299753567
1301052094
1301720796
1301765112
1302915825
1303829736
1305764264
1310410157
1310965637
1311607506
1312735499
1315169653
1316539980
1316933758
1317150919
1318555292
1323052525
1323508269
1325929051
1327042260
1328404311
1330331175
1332049419
1333091152
1333336573
1336252735
1337571769
1338994156
1339648986
1339779987
1340936650
1341723626
1344256888
1344799405
1344886279
1345592298
1345671934
1349342855
1350160217
1353241880
1353746525
1354248574
1354794392
1355769823
1356148024
1357849136
1358596458
1361972843
1363486503
1365682867
1370910059
1372057858
1373569187
1374011679
1374187152
1374649307
1376639318
1376663142
1376789192
1377316447
1378773481
1379321017
1379540775
1381343066
1382659805
1383607598
1383807352
1384540229
1384586317
1385651222
1385794750
1388864084
1389584578
1390247166
1390941494
1391260189
1392069680
1392931455
1394411832
1396727275
1397438188
1399074654
1401943108
1403443327
1405854707
1406513453
1406808252
1407801893
1409702176
1410249388
1412451739
1416612809
1418680726
1419204804
1419218696
1422787187
1423854619
1424373302
1424597205
1426320074
1426910445
1429086003
1429165908
1430026570
1432005389
1433084585
1434780210
1435194387
1437891296
1437895468
1444255110
1446500984
1446901258
1447192643
1448626603
1449562703
1451310888
1452966891
1453363742
1454067997
1454354261
1456791833
1457760846
1460860021
1461166733
1461916885
1463428735
1463552786
1463628592
1463720561
1466111842
1467176730
1469855377
1470061007
1470742206
1472123669
1485093595
1486542223
1489403252
1491158017
1492600483
1493908768
1493965601
1495351584
1497957297
1498380306
1498651133
1499157573
1499599067
1500151017
1500415234
1500862355
1504203690
1506776207
1507775257
1509564169
1510272000
1512485135
1513024973
1513145125
1514102079
1514337791
1516120513
1517150462
1517569034
1517806708
1519389799
1519739645
1521853545
1522249513
1524739565
1524948098
1530660078
1532364269
1533089911
1533897972
1537899469
1538553133
1538845621
1539251491
1541357840
1543081714
1543113859
1543171229
1545524664
1546729402
1547096757
1547612394
1548559110
1548740868
1550439484
1550474915
1551634321
1552134767
1553217428
1553281813
1555447091
1555759409
1557195680
1557746448
1558153767
1558495150
1558834462
1559055367
1559571654
1559907655
1563953180
1567838819
1569161868
1571063776
1572126001
1572316169
1572704590
1576339203
1577350889
1581140425
1581963719
1582511999
1584321261
1585941669
1587716402
1591169969
1591836537
1592163808
1597184474
1597694246
1597723777
1598039872
1599975002
1602236552
1602570742
1602967667
1604392383
1604656083
1604757402
1605370881
1606198032
1606810614
1606858094
1607486777
1607891542
1608430997
1609519068
1611754941
1614379945
1614540833
1614701602
1614701769
1615854723
1616406819
1616889941
1617533075
1617862626
1618210411
1619489503
1621346962
1623169535
1623738647
1624258414
1625751079
1630462587
1638431354
1639816855
1642112546
1642500664
1643025425
1644226558
1644465945
1646116238
1646945973
1647578883
1650232179
1651592247
1652719142
1654790906
1655869207
1655883355
1656272886
1656845617
1658149529
1658420427
1658426500
1658952468
1659401074
1660780461
1664908099
1665338364
1665523362
1666251759
1666890594
1667760540
1668026717
1670679330
1671060582
1671649839
1673312418
1674369998
1674774303
1675565380
1676769033
1680887576
1681353532
1682374977
1682546443
1682599038
1683324480
1683445470
1684437963
1688540628
1690174533
1694296781
1695473060
1695665476
1696556975
1696772178
1700594820
1701236494
1701596772
1704044548
1704283038
1704749592
1705439619
1705969237
1707700131
1710157457
1710633185
1711462172
1711861797
1712251312
1713731737
1715327366
1715705498
1717236960
1717526455
1719473947
1720024373
1720431851
1721613510
1722863473
1723411758
1724349026
1724557647
1733669135
1734106293
1735364069
1735884860
1736053555
1736091702
1736427389
1737479692
1737763704
1738228120
1738582097
1738950116
1739631685
1739826087
1741177936
1742050347
1743174382
1744274851
1744565697
1745254344
1745753483
1747311252
1748150015
1748514298
1749424647
1751948047
1752324709
1752581251
1754390503
1756545834
1757546091
1758022124
1759371287
1761145340
1761354955
1761992799
1762136216
1763992803
1765437289
1765504611
1767138068
1773879399
1774143739
1777011132
1777474535
1777975955
1779329939
1780179659
1782644806
1783148880
1783148880
1783148880
1783148880
1783148880
1783148880
1783148880
1783148880
1783148880
1783148880
1783148880
1783148880
1783148880
1783148880
1783148880
1783148880
1783148880
1783148880
1783148880
1783148880
1783148880
1783148880
1783148880
1783148880
1783148880
1783148880
1783148880
1783148880
1783148880
1783148880
1783148880
1783148880
1783148880
1783148880
1783148880
1783148880
1783148880
1783148880
1783148880
1783148880
1783148880
1783148880
1783148880
1783148880
1783148880
1783148880
1783148880
1783148880
1783148880
1783148880
1783148880
1783148880
1783148880
1783148880
1783148880
1783148880
1783148880
1783148880
1783148880
1783148880
1783148880
1783148880
1783148880
1783148880
1783148880
1783148880
1783148880
1783148880
1783148880
1783148880
1783148880
1783148880
1783148880
1783148880
1783148880
1783148880
1783148880
1783148880
1783148880
1783148880
1783148880
1783148880
1783148880
1783148880
1783148880
1783148880
1783148880
1783148880
1783148880
1783148880
1783148880
1783148880
1783148880
1783148880
1783148880
1783148880
1783148880
1783148880
1783148880
1783148880
1783148880
1783148880
1783148880
1783148880
1783148880
1783148880
1783148880
1783148880
1783148880
1783148880
1783148880
1783148880
1783148880
1783148880
1783148880
1783148880
1783148880
1783148880
1783148880
1783148880
1783148880
1783148880
1783148880
1783148880
1783148880
1783148880
1783148880
1783148880
1783148880
1783148880
1783148880
1783148880
1783148880
1783148880
1783148880
1783148880
1783148880
1783148880
1783148880
1783148880
1783148880
1783148880
1783148880
1783148880
1783148880
1783148880
1783148880
1783148880
1783148880
1783148880
1783148880
1783148880
1783148880
1783148880
1783148880
1783148880
1783148880
1783148880
1783148880
1783148880
1783148880
1783148880
1783148880
1783148880
1783148880
1783148880
1783148880
1783148880
1783148880
1783148880
1783148880
1783148880
1783148880
1783148880
1783148880
1783148880
1783148880
1783148880
1783148880
1783148880
1783148880
1783148880
1783148880
1783148880
1783148880
1783148880
1783148880
1783148880
1783148880
1783148880
1783148880
1783148880
1783148880
1783148880
1783148880
1783148880
1783148880
1783148880
1783148880
1783148880
1783148880
1783148880
1783148880
1783148880
1783148880
1783148880
1783148880
1783148880
1783148880
1783148880
1783148880
1783148880
1783148880
1783148880
1783148880
1783148880
1783148880
1783148880
1783148880
1783148880
1783148880
1783148880
1783148880
1783148880
1783148880
1783148880
1783148880
1783148880
1783148880
1783148880
1783148880
1783148880
1783148880
1783148880
1783148880
1783148880
1783148880
1783148880
1783148880
1783148880
1783148880
1783148880
1783148880
1783148880
1783148880
1783148880
1783148880
1783148880
1783148880
1783148880
1783148880
1783148880
1783148880
1783148880
1783148880
1783148880
1783148880
1783148880
1783148880
1783148880
1783148880
1783148880
1783148880
1783148880
1783148880
1783148880
1783148880
1783148880
1783148880
1783148880
1783148880
1783148880
1783148880
1783148880
1783148880
1783148880
1783148880
1783148880
1783148880
1783148880
1783148880
1783148880
1783148880
1783148880
1783148880
1783148880
1783148880
1783148880
1783148880
1783148880
1783148880
1783148880
1783148880
1783148880
1783148880
1783148880
1783148880
1783148880
1783148880
1783148880
1783148880
1783148880
1783148880
1783148880
1783148880
1783148880
1783148880
1783148880
1783148880
1783148880
1783148880
1783148880
1783148880
1783148880
1783148880
1783148880
1783148880
1783148880
1783148880
1783148880
1783148880
1783148880
1783148880
1783148880
1783148880
1783148880
1783148880
1783148880
1783148880
1783148880
1783148880
1783148880
1783148880
1783148880
1783148880
1783148880
1783148880
1783148880
1783148880
1783148880
1783148880
1783148880
1783148880
1783148880
1783148880
1783148880
1783148880
1783148880
1783148880
1783148880
1783148880
1783148880
1783148880
1783148880
1783148880
1783148880
1783148880
1783148880
1783148880
1783148880
1783148880
1783148880
1783148880
1783148880
1783148880
1783148880
1783148880
1783148880
1783148880
1783148880
1783148880
1783148880
1783148880
1783148880
1783148880
1783148880
1783148880
1783148880
1783148880
1783148880
1783148880
1783148880
1783148880
1783148880
1783148880
1783148880
1783148880
1783148880
1783148880
1783148880
1783148880
1783148880
1783148880
1783148880
1783148880
1783148880
1783148880
1783148880
1783148880
1783148880
1783148880
1783148880
1783148880
1783148880
1783148880
1783148880
1783148880
1783148880
1783148880
1783148880
1783148880
1783148880
1783148880
1783148880
1783148880
1783148880
1783148880
1783148880
1783148880
1783148880
1783148880
1783148880
1783148880
1783148880
1783148880
1783148880
1783148880
1783148880
1783148880
1783148880
1783148880
1783148880
1783148880
1783148880
1783148880
1783148880
1783148880
1783148880
1783148880
1783148880
1783148880
1783148880
1783148880
1783148880
1783148880
1783148880
1783148880
1783148880
1783148880
1783148880
1783148880
1783148880
1783148880
1783148880
1783148880
1783148880
1783148880
1783148880
1783148880
1783148880
1783148880
1783148880
1783148880
1783148880
1783148880
1783148880
1783148880
1783148880
1783148880
1783148880
1783148880
1783148880
1783148880
1783148880
1783148880
1783148880
1783148880
1783148880
1783148880
1783148880
1783148880
1783148880
1783148880
1783148880
1783148880
1783148880
1783148880
1783148880
1783148880
1783148880
1783148880
1783148880
1783148880
1783148880
1783148880
1783148880
1783148880
1783148880
1783148880
1783148880
1783148880
1783148880
1783148880
1783148880
1783148880
1783148880
1783148880
1783148880
1783148880
1783148880
1783148880
1783148880
1783148880
1783148880
1783148880
1783148880
1783148880
1783148880
1783148880
1783148880
1783148880
1783148880
1783148880
1783148880
1783148880
1783148880
1783148880
1783148880
1783148880
1783148880
1783148880
1783148880
1783148880
1783148880
1783148880
1783148880
1783148880
1783148880
1783148880
1783148880
1783148880
1783148880
1783148880
1783148880
1783148880
1783148880
1783148880
1783148880
1783148880
1783148880
1783148880
1783148880
1783148880
1783148880
1783148880
1783148880
1783148880
1783148880
1783148880
1783148880
1783148880
1783148880
1783148880
1783148880
1783148880
1783148880
1783148880
1783148880
1783148880
1783148880
1783148880
1783148880
1783148880
1783148880
1783148880
1783148880
1783148880
1783148880
1783148880
1783148880
1783148880
1783148880
1783148880
1783148880
1783148880
1783148880
1783148880
1783148880
1783148880
1783148880
1783148880
1783148880
1783148880
1783148880
1783148880
1783148880
1783148880
1783148880
1783148880
1783148880
1783148880
1783148880
1783148880
1783148880
1783148880
1783148880
1783148880
1783148880
1783148880
1783148880
1783148880
1783148880
1783148880
1783148880
1783148880
1783148880
1783148880
1783148880
1783148880
1783148880
1783148880
1783148880
1783148880
1783148880
1783148880
1783148880
1783148880
1783148880
1783148880
1783148880
1783148880
1783148880
1783148880
1783148880
1783148880
1783148880
1783148880
1783148880
1783148880
1783148880
1783148880
1783148880
1783148880
1783148880
1783148880
1783148880
1783148880
1783148880
1783148880
1783148880
1783148880
1783148880
1783148880
1783148880
1783148880
1783148880
1783148880
1783148880
1783148880
1783148880
1783148880
1783148880
1783148880
1783148880
1783148880
1783148880
1783148880
1783148880
1783148880
1783148880
1783148880
1783148880
1783148880
1783148880
1783148880
1783148880
1783148880
1783148880
1783148880
1783148880
1783148880
1783148880
1783148880
1783148880
1783148880
1783148880
1783148880
1783148880
1783148880
1783148880
1783148880
1783148880
1783148880
1783148880
1783148880
1783148880
1783148880
1783148880
1783148880
1783148880
1783148880
1783148880
1783148880
1783148880
1783148880
1783148880
1783148880
1783148880
1783148880
1783148880
1783148880
1783148880
1783148880
1783148880
1783148880
1783148880
1783148880
1783148880
1783148880
1783148880
1783148880
1783148880
1783148880
1783148880
1783148880
1783148880
1783148880
1783148880
1783148880
1783148880
1783148880
1783148880
1783148880
1783148880
1783148880
1783148880
1783148880
1783148880
1783148880
1783148880
1783148880
1783148880
1783148880
1783148880
1783148880
1783148880
1783148880
1783148880
1783148880
1783148880
1783148880
1783148880
1783148880
1783148880
1783148880
1783148880
1783148880
1783148880
1783148880
1783148880
1783148880
1783148880
1783148880
1783148880
1783148880
1783148880
1783148880
1783148880
1783148880
1783148880
1783148880
1783148880
1783148880
1783148880
1783148880
1783148880
1783148880
1783148880
1783148880
1783148880
1783148880
1783148880
1783148880
1783148880
1783148880
1783148880
1783148880
1783148880
1783148880
1783148880
1783148880
1783148880
1783148880
1783148880
1783148880
1783148880
1783148880
1783148880
1783148880
1783148880
1783148880
1783148880
1783148880
1783148880
1783148880
1783148880
1783148880
1783148880
1783148880
1783148880
1783148880
1783148880
1783148880
1783148880
1783148880
1783148880
1783148880
1783148880
1783148880
1783148880
1783148880
1783148880
1783148880
1783148880
1783148880
1783148880
1783148880
1783148880
1783148880
1783148880
1783148880
1783148880
1783148880
1783148880
1783148880
1783148880
1783148880
1783148880
1783148880
1783148880
1783148880
1783148880
1783148880
1783148880
1783148880
1783148880
1783148880
1783148880
1783148880
1783148880
1783148880
1783148880
1783148880
1783148880
1783148880
1783148880
1783148880
1783148880
1783148880
1783148880
1783148880
1783148880
1783148880
1783148880
1783148880
1783148880
1783148880
1783148880
1783148880
1783148880
1783148880
1783148880
1783148880
1783148880
1783148880
1783148880
1783148880
1783148880
1783148880
1783148880
1783148880
1783148880
1783148880
1783148880
1783148880
1783148880
1783148880
1783148880
1783148880
1783148880
1783148880
1783148880
1783148880
1783148880
1783148880
1783148880
1783148880
1783148880
1783148880
1783148880
1783148880
1783148880
1783148880
1783148880
1783148880
1783148880
1783148880
1783148880
1783148880
1783148880
1783148880
1783148880
1783148880
1783148880
1783148880
1783148880
1783148880
1783148880
1783148880
1783148880
1783148880
1783148880
1783148880
1783148880
1783148880
1783148880
1783148880
1783148880
1783148880
1783148880
1783148880
1783148880
1783148880
1783148880
1783148880
1783148880
1783148880
1783148880
1783148880
1783148880
1783148880
1783148880
1783148880
1783148880
1783148880
1783148880
1783148880
1783148880
1783148880
1783148880
1783148880
1783148880
1783148880
1783148880
1783148880
1783148880
1783148880
1783148880
1783148880
1783148880
1783148880
1783148880
1783148880
1783148880
1783148880
1783148880
1783148880
1783148880
1783148880
1783148880
1783148880
1783148880
1783148880
1783148880
1783148880
1783148880
1783148880
1783148880
1783148880
1783148880
1783148880
1783148880
1783148880
1783148880
1783148880
1783148880
1783148880
1783148880
1783148880
1783148880
1783148880
1783148880
1783148880
1783148880
1783148880
1783148880
1783148880
1783148880
1783148880
1783148880
1783148880
1783148880
1783148880
1783148880
1783148880
1783148880
1783148880
1783148880
1783148880
1783148880
1783148880
1783148880
1783148880
1783148880
1783148880
1783148880
1783148880
1783148880
1783148880
1783148880
1783148880
1783148880
1783148880
1783148880
1783148880
1783148880
1783148880
1783148880
1783148880
1783148880
1783148880
1783148880
1783148880
1783148880
1783148880
1783148880
1783148880
1783148880
1783148880
1783148880
1783148880
1783148880
1783148880
1783148880
1783148880
1783148880
1783148880
1783148880
1783148880
1783148880
1783148880
1783148880
1783148880
1783148880
1783148880
1783148880
1783148880
1783148880
1783148880
1783148880
1783148880
1783148880
1783148880
1783148880
1783148880
1783148880
1783148880
1783148880
1783148880
1783148880
1783148880
1783148880
1783148880
1783148880
1783148880
1783148880
1783148880
1783148880
1783148880
1783148880
1783148880
1783148880
1783148880
1783148880
1783148880
1783148880
1783148880
1783148880
1783148880
1783148880
1783148880
1783148880
1783148880
1783148880
1783148880
1783148880
1783148880
1783148880
1783148880
1783148880
1783148880
1783148880
1783148880
1783148880
1783148880
1783148880
1783148880
1783148880
1783148880
1783148880
1783148880
1783148880
1783148880
1783148880
1783148880
1783148880
1783148880
1783148880
1783148880
1783148880
1783148880
1783148880
1783148880
1783148880
1783148880
1783148880
1783148880
1783148880
1783148880
1783148880
1783148880
1783148880
1783148880
1783148880
1783148880
1783148880
1783148880
1783148880
1783148880
1783148880
1783148880
1783148880
1783148880
1783148880
1783148880
1783148880
1783148880
1783148880
1783148880
1783148880
1783148880
1783148880
1783148880
1783148880
1783148880
1783148880
1783148880
1783148880
1783148880
1783148880
1783148880
1783148880
1783148880
1783148880
1783148880
1783148880
1783148880
1783148880
1783148880
1783148880
1783148880
1783148880
1783148880
1783148880
1783148880
1783148880
1783148880
1783148880
1783148880
1783148880
1783148880
1783148880
1783148880
1783148880
1783148880
1783148880
1783148880
1783148880
1783148880
1783148880
1783148880
1783148880
1783148880
1783148880
1783148880
1783148880
1783148880
1783148880
1783148880
1783148880
1783148880
1783148880
1783148880
1783148880
1783148880
1783148880
1783148880
1783148880
1783148880
1783148880
1783148880
1783148880
1783148880
1783148880
1783148880
1783148880
1783148880
1783148880
1783148880
1783148880
1783148880
1783148880
1783148880
1783148880
1783148880
1783148880
1783148880
1783148880
1783148880
1783148880
1783148880
1783148880
1783148880
1783148880
1783148880
1783148880
1783148880
1783148880
1783148880
1783148880
1783148880
1783148880
1783148880
1783148880
1783148880
1783148880
1783148880
1783148880
1783148880
1783148880
1783148880
1783148880
1783148880
1783148880
1783148880
1783148880
1783148880
1783148880
1783148880
1783148880
1783148880
1783148880
1783148880
1783148880
1783148880
1783148880
1783148880
1783148880
1783148880
1783148880
1783148880
1783148880
1783148880
1783148880
1783148880
1783148880
1783148880
1783148880
1783148880
1783148880
1783148880
1783148880
1783148880
1783148880
1783148880
1783148880
1783148880
1783148880
1783148880
1783148880
1783148880
1783148880
1783148880
1783148880
1783148880
1783148880
1783148880
1783148880
1783148880
1783148880
1783148880
1783148880
1783148880
1783148880
1783148880
1783148880
1783148880
1783148880
1783148880
1783148880
1783148880
1783148880
1783148880
1783148880
1783148880
1783148880
1783148880
1783148880
1783148880
1783148880
1783148880
1783148880
1783148880
1783148880
1783148880
1783148880
1783148880
1783148880
1783148880
1783148880
1783148880
1783148880
1783148880
1783148880
1783148880
1783148880
1783148880
1783148880
1783148880
1783148880
1783148880
1783148880
1783148880
1783148880
1783148880
1783148880
1783148880
1783148880
1783148880
1783148880
1783148880
1783148880
1783148880
1783148880
1783148880
1783148880
1783148880
1783148880
1783148880
1783148880
1783148880
1783148880
1783148880
1783148880
1783148880
1783148880
1783148880
1783148880
1783148880
1783148880
1783148880
1783148880
1783148880
1783148880
1783148880
1783148880
1783148880
1783148880
1783148880
1783148880
1783148880
1783148880
1783148880
1783148880
1783148880
1783148880
1783148880
1783148880
1783148880
1783148880
1783148880
1783148880
1783148880
1783148880
1783148880
1783148880
1783148880
1783148880
1783148880
1783148880
1783148880
1783148880
1783148880
1783148880
1783148880
1783148880
1783148880
1783148880
1783148880
1783148880
1783148880
1783148880
1783148880
1783148880
1783148880
1783148880
1783148880
1783148880
1783148880
1783148880
1783148880
1783148880
1783148880
1783148880
1783148880
1783148880
1783148880
1783148880
1783148880
1783148880
1783148880
1783148880
1783148880
1783148880
1783148880
1783148880
1783148880
1783148880
1783148880
1783148880
1783148880
1783148880
1783148880
1783148880
1783148880
1783148880
1783148880
1783148880
1783148880
1783148880
1783148880
1783148880
1783148880
1783148880
1783148880
1783148880
1783148880
1783148880
1783148880
1783148880
1783148880
1783148880
1783148880
1783148880
1783148880
1783148880
1783148880
1783148880
1783148880
1783148880
1783148880
1783148880
1783148880
1783148880
1783148880
1783148880
1783148880
1783148880
1783148880
1783148880
1783148880
1783148880
1783148880
1783148880
1783148880
1783148880
1783148880
1783148880
1783148880
1783148880
1783148880
1783148880
1783148880
1783148880
1783148880
1783148880
1783148880
1783148880
1783148880
1783148880
1783506187
1784292498
1784716958
1784989260
1784992250
1785711632
1785809295
1785912852
1785979699
1786270362
1787202444
1787463228
1791230002
1791855247
1791877410
1795248224
1796949031
1797793328
1797959457
1798071794
1798127470
1803627904
1803708384
1804016084
1804332679
1804985546
1805111155
1806019174
1807949217
1807972564
1808203920
1809070808
1809330443
1809484374
1810768938
1811634250
1811721115
1812821728
1815887345
1817824855
1818925541
1818953836
1819392407
1820465596
1820827519
1822184281
1823114040
1823516626
1827505189
1828104621
1828671697
1828974733
1829291064
1829458082
1830387256
1831135280
1833925700
1835270597
1835532797
1835919141
1838183612
1839619952
1844304669
1844476831
1845849755
1846236119
1846807595
1851847209
1852814357
1852891710
1853751396
1854069245
1854609419
1854883719
1855092891
1860119785
1862795267
1862905263
1864940595
1867328896
1867833264
1869449623
1869614896
1870447818
1870497978
1870762706
1871253906
1871511827
1872127102
1873313457
1875025962
1878496893
1880303622
1880801264
1884034880
1885284793
1887014210
1887023426
1887322777
1887523317
1887997573
1888381720
1890727734
1891561719
1892187963
1893799614
1894051289
1894775522
1895360314
1895751691
1896275785
1898830656
1899093998
1899273110
1899412598
1901419205
1901485349
1901631578
1901702618
1901860322
1903518640
1904056221
1904127151
1904476278
1904809991
1905767766
1906753110
1907228375
1908268731
1909130645
1910888531
1911846060
1912424565
1913351686
1913518734
1914044031
1915184420
1915591337
1916958444
1918563392
1918801144
1919382550
1923342808
1924503477
1928667732
1929406046
1931808695
1931880642
1935330282
1935566837
1936485614
1937024486
1937219512
1938405965
1939179328
1940602298
1941142983
1942311190
1944139125
1947387908
1947914889
1949615566
1950037108
1951146344
1951170681
1951424513
1953243080
1955456640
1956063069
1956220081
1956375022
1956539498
1957236522
1957779911
1957997529
1959314222
1960654344
1961647375
1961782161
1962659329
1962958500
1964825403
1967739031
1967838277
1968059954
1968241458
1969145511
1969380199
1969672943
1970362253
1971267469
1972214748
1974313293
1974559620
1975219603
1975363995
1977465451
1978216398
1978226009
1978459910
1983110850
1985385401
1986049730
1986989613
1987310152
1987366419
1987943799
1988957250
1989986067
1990227502
1990842135
1991094950
1993531850
1994708104
1995108731
1995286640
1995843284
1999207375
2001918293
2003371260
2007944384
2008910027
2009129836
2009279439
2010864228
2012166873
2013044760
2014553744
2014730340
2014973767
2016087006
2019170543
2021356238
2023501306
2024185850
2024206762
2027593387
2027968935
2029001550
2029689987
2030515892
2031394858
2032502750
2032792797
2035249118
2039556410
2040785007
2040944818
2042541341
2043727691
2045030193
2045668605
2046177671
2047527726
2047606320
2048928203
2049492907
2049988485
2051557391
2052034275
2053160562
2053207290
2053560021
2055572369
2055720453
2061003738
2061725188
2062061527
2063197186
2067817095
2070104402
2072793164
2074841186
2075888117
2075894279
2076872142
2077798223
2078493151
2078502051
2079205913
2079833942
2080732374
2083667757
2083932652
2084869682
2088184633
2089422130
2090206288
2090400964
2093141580
2094937152
2095571535
2096909264
2097969196
2098831057
2101543395
2101898651
2102124998
2103984654
2104202156
2106212708
2107783918
2108459615
2109378182
2112959657
2115508422
2115905183
2117027936
2119509396
2119659620
2121717869
2121764345
2123118252
2123228469
2123866568
2124198346
2124504457
2124993897
2125206085
2125385808
2125700599
2127937458
2128061125
2128182274
2129128537
2129793079
2130396755
2132366922
2132499028
2132890303
2133688957
2134546315
2137081310
2137973373
2139322349
2139548576
2139835974
2140475712
2144016640
2146671774
2147617471
2151765506
2152843803
2152989221
2155344939
2156910413
2157220743
2157646831
2159759173
2161020497
2161815855
2161949705
2162089494
2162940402
2162971099
2165036397
2165958218
2166319994
2166682050
2166705578
2172556919
2173306036
2173496599
2173526127
2175713908
2175762019
2176069420
2177999573
2181304678
2181441229
2183595173
2183763151
2186605583
2186622231
2188575673
2189578577
2189847421
2189910196
2190138167
2190474122
2191264976
2191707896
2193590987
2194038809
2199182578
2200437403
2200648612
2201995358
2204120370
2208706244
2208886117
2209046519
2209111290
2209413019
2211732979
2212895145
2214452436
2215896492
2217474514
2217491183
2218002266
2218396615
2219897825
2219950237
2220210569
2220588555
2221788830
2222034905
2222613370
2223824573
2224282436
2225453630
2226001093
2230294136
2230888564
2231245565
2231321894
2231892660
2234171265
2234732462
2236328651
2237356764
2238625311
2240436155
2242235000
2242796155
2244990402
2245314663
2246215652
2246233904
2246287681
2246571354
2246941511
2247363664
2249966721
2250333300
2251353888
2253881363
2254056736
2255559922
2256402752
2257734269
2258336487
2258807983
2259279581
2260538286
2261304231
2266049461
2267258766
2270665214
2272828669
2272830483
2275072793
2277974773
2279056656
2279592433
2279912619
2280465230
2282263698
2283441525
2283501396
2284736268
2288693932
2290001082
2290225457
2290242445
2290549222
2291400983
2291624355
2292109517
2293814189
2294290416
2294456811
2297093489
2298058203
2299798948
2300143999
2300280461
2304288840
2305688940
2307538693
2309121466
2309937916
2311048742
2311136981
2311235722
2313101088
2313455712
2313546636
2317634622
2318590678
2318898271
2320349045
2320859244
2320929520
2321083447
2323334039
2325066550
2326948782
2332267482
2332370228
2332771641
2333053698
2334826609
2335969496
2336230258
2337183354
2338503925
2338700756
2338986080
2339562108
2340530430
2345482792
2345519497
2347075610
2347215491
2347393191
2348476268
2349648877
2350943808
2351170965
2353256082
2353796924
2354476531
2355536387
2355704509
2356218907
2359555862
2359609183
2359678813
2361268861
2362114149
2362358766
2363225462
2363409892
2363856132
2365766616
2366968829
2367113433
2369868012
2370327614
2370397342
2371860382
2371953105
2372599173
2372759817
2374449236
2375990871
2376310444
2378860270
2382082151
2384253864
2384686635
2385860400
2386254722
2386365735
2386708369
2389286921
2391716589
2398104919
2398380389
2398660965
2400693836
2403121182
2406060327
2407163919
2410000794
2410305424
2410796753
2412201876
2415842053
2416700330
2416851930
2417278717
2417571370
2418646596
2418694426
2420068784
2420655438
2421086552
2422574056
2429619673
2429687099
2431078384
2433943935
2435603500
2435878823
2436846618
2437836009
2438508265
2438795324
2439566140
2439626388
2440009170
2440396125
2440816942
2441983231
2442535346
2443239819
2443882645
2447006974
2447256915
2448165962
2448823991
2449343880
2450532164
2451956515
2452862845
2452866496
2453552044
2454933727
2458408043
2460724398
2461123338
2462260314
2464422646
2464825843
2466113666
2466222124
2469838315
2474666258
2475440183
2475539354
2478841155
2481860644
2485754556
2485949114
2488908252
2489664262
2489830968
2490253479
2492656049
2492917408
2497836846
2503861655
2511826691
2513864599
2517642180
2520392223
2521440931
2522940611
2523796217
2524206896
2524460122
2526612092
2526652799
2526838119
2528056248
2528879012
2529883515
2530522392
2531372176
2534396291
2536390669
2536660826
2536818820
2536965240
2537012009
2537490115
2540530420
2541044650
2542255014
2542409558
2545673312
2548850678
2549543820
2551612830
2552522685
2553133008
2554457311
2554588877
2556115389
2556488616
2556975085
2560055387
2561742107
2562132643
2568647948
2570505016
2570542756
2571088768
2573498245
2574405151
2574881996
2576507795
2578354665
2581696044
2582447410
2583137262
2585496959
2587172772
2587351898
2589152044
2589411957
2592620604
2593197254
2594185391
2594457341
2595254014
2595440556
2596042028
2596177773
2596673416
2596976973
2597027543
2598830317
2601645995
2603802815
2604014244
2605973178
2606377341
2607160761
2609070858
2611734815
2619572410
2620680938
2620913219
2621474185
2621690763
2622614201
2628779417
2629858780
2633929526
2635164889
2636322557
2640718803
2641123211
2641196070
2641617705
2643386310
2644464719
2645695297
2645772194
2646499946
2648901105
2652653365
2652944679
2653168668
2654468151
2654831713
2657991694
2659308307
2659819002
2660082952
2660956719
2663111270
2663197467
2664590804
2666740563
2666988683
2667540496
2668863947
2670107693
2670317724
2670464182
2670571697
2671230017
2672030688
2672176107
2673651698
2674687413
2675317030
2678609463
2679854540
2683016588
2685829941
2685844013
2687784124
2689597676
2690413310
2691797817
2692226892
2692966365
2694548882
2697509374
2698331381
2698623517
2698730149
2700083493
2701315134
2704742186
2704818419
2704972459
2705342739
2705344319
2706845641
2706901937
2707420952
2708416036
2712516054
2712732450
2721804357
2722029365
2725731741
2727732767
2727916795
2729156739
2730749616
2734247040
2736257758
2740543445
2741363729
2742452788
2743338591
2743718738
2744592072
2744770359
2745245153
2745406353
2748894371
2749133663
2750327456
2752715284
2753216013
2753393463
2753928782
2754810534
2758943788
2760348185
2761701972
2764421762
2766475083
2767406498
2769418003
2770577654
2772740234
2773666324
2773783467
2776121982
2777533665
2777918296
2778000323
2778581555
2780477654
2784814869
2785423699
2789104857
2789710800
2789778490
2789907115
2790793568
2791066560
2793457638
2795533046
2796342994
2797323359
2798195045
2798357500
2798839970
2799698962
2801101891
2802150200
2802842821
2804040996
2804066125
2807113401
2809207548
2810854085
2812515115
2812549887
2815425723
2815701903
2816155468
2818041974
2818733730
2820313229
2821813705
2821893672
2823031454
2823657190
2824049555
2824266660
2825097607
2826670657
2827290992
2829604206
2831579461
2832225163
2833053138
2836749632
2836755590
2838711258
2839531927
2844781055
2844911870
2845161767
2845420859
2846770292
2846942430
2848157714
2849060163
2850599397
2852414085
2852853402
2853411184
2853635318
2853989134
2855537015
2856371123
2857242606
2857458914
2858738238
2860115489
2861261509
2861268213
2862914613
2865960431
2866313854
2869908084
2870630530
2871000657
2873328701
2875924837
2877621240
2878412256
2878533718
2880622236
2880673049
2880937449
2882389664
2883246447
2884423777
2886958184
2887284141
2889097215
2891072250
2892164501
2892409922
2893581177
2894721442
2894824390
2895030351
2895223294
2895691892
2897106922
2897895474
2899168190
2899232085
2899699734
2900090652
2901627328
2903625500
2904205415
2904671114
2905923426
2906629697
2906809693
2909386729
2910874639
2911854025
2914545019
2917179400
2918675600
2918733182
2918956487
2919116474
2921693265
2922278846
2923386358
2923439846
2926368180
2928813266
2928842344
2929333012
2930624549
2933445101
2934863446
2935357372
2935648567
2937095955
2938086334
2938278256
2940236661
2941644353
2942311455
2942792114
2943731838
2944002447
2944355386
2945207214
2945737954
2945965793
2949272505
2950370229
2952350587
2952414641
2952679077
2952730683
2953633263
2954956938
2957702681
2958016430
2958413912
2961989432
2962861429
2962941741
2964500524
2964691799
2966004770
2969201277
2969265216
2969330155
2971825199
2973552378
2974427872
2975655507
2976637509
2977602837
2979635898
2983043297
2983620705
2983627235
2983981429
2984830420
2986457514
2987138809
2988722117
2991469471
2992073302
2992641409
2992643208
2993777316
2998159857
2998535591
2998916277
3000280631
3001736903
3003434797
3004468353
3005329406
3006731993
3009250280
3009609196
3010174772
3010379041
3011854622
3014623954
3015925158
3016473451
3017956850
3019503782
3021019670
3021739925
3024006817
3025587470
3026860364
3028942197
3033357673
3033499813
3033586575
3034498295
3036184011
3036655362
3037839421
3037938735
3039796864
3040694811
3041037912
3041066719
3043758316
3045040779
3045405656
3048603241
3048629698
3049707087
3050553086
3051647563
3052497440
3054733267
3054940211
3057656302
3058689793
3059213050
3059308907
3059871392
3062096847
3063594075
3063696758
3064536209
3067242487
3067460174
3067702878
3069825072
3071792124
3072034460
3074267521
3074904852
3078073111
3079759804
3080917457
3082062282
3083156232
3083799424
3084684989
3085000923
3085725722
3085757748
3085827434
3086818976
3088278044
3088943244
3089150140
3090144529
3090688669
3091522034
3095818330
3097189662
3098480102
3099163402
3099539512
3100215029
3104233122
3104365179
3105080223
3105291310
3105654483
3111779838
3112327759
3115105008
3115710057
3116033962
3119625197
3121421479
3122302275
3122333155
3127937558
3127988387
3129027678
3129266252
3129486924
3129652442
3129817932
3130264947
3131912999
3132526184
3137222771
3137834774
3139827072
3140138841
3142176759
3142439092
3144627993
3145837576
3147174498
3147801924
3148703564
3151488831
3151770828
3151805370
3152858048
3153740105
3155226938
3155566475
3156080532
3156118468
3158961681
3159382490
3160971229
3161629291
3163469992
3163912397
3166730821
3169251151
3170167258
3171307392
3171629786
3171972218
3172348505
3177329552
3181031719
3181354367
3182411446
3184593887
3185807308
3186280096
3186961272
3187596352
3187962975
3189838182
3194667001
3195665994
3196254756
3196522665
3197977960
3199173563
3199286686
3200165513
3200305637
3202695917
3202723550
3203682861
3204538270
3207210130
3207570477
3208268080
3209281605
3209784660
3211916955
3215844987
3216322368
3216606339
3218817749
3219576445
3222196225
3222276200
3223672395
3223938724
3225016747
3226993342
3228148837
3228192183
3229383011
3231516070
3233568846
3234451737
3236893868
3237067276
3238008454
3238911848
3244729827
3245101864
3247991379
3249587684
3249885054
3251736003
3251894807
3251949108
3253938554
3254534134
3255087079
3255910199
3256060485
3256136119
3258117163
3258945116
3261544600
3262288096
3264329374
3265407290
3265905206
3268412714
3270253590
3270315664
3270347042
3271265166
3271372596
3272169964
3272269151
3274398750
3275287632
3276220989
3277961955
3281700284
3282821201
3284378522
3284750400
3285392103
3286197598
3287331609
3289317487
3289385314
3291194181
3291433005
3291624039
3291716571
3293954766
3296348671
3297282053
3298709527
3299314658
3299797383
3301100128
3303048682
3303268634
3306275684
3306492625
3307693243
3307845226
3307895633
3307979592
3309678679
3311475592
3312350453
3313845599
3314711007
3315194677
3317669422
3317709735
3319178621
3319824070
3321274179
3322152401
3322735220
3322959816
3324726167
3325030315
3325882499
3326063254
3328288100
3329976734
3330053990
3332984301
3334909335
3335241117
3335678877
3335800059
3340707784
3340922092
3341553681
3342510605
3343435483
3343936370
3345116221
3348129057
3350226156
3351738033
3353119393
3353233728
3354584143
3356822043
3357974400
3358904576
3359478247
3361526109
3363635867
3366658696
3366813186
3369617402
3370106684
3372175184
3375958258
3376112133
3376309503
3376885130
3378548890
3378628751
3378868837
3381959753
3382937109
3385150092
3385233835
3385427040
3386102325
3387327411
3389369488
3393079400
3393585328
3395511953
3395525866
3396222236
3396613689
3396660124
3397659208
3397932926
3399657315
3400519543
3401748058
3403669767
3405307775
3405434322
3405636387
3409415611
3411111887
3411112601
3411197015
3411426621
3411435672
3415037477
3415190605
3415288402
3415378584
3418227565
3419905763
3420055971
3421253636
3425058118
3425954007
3426107828
3426583211
3427089210
3431973702
3432357440
3434408414
3435514866
3438588428
3440240075
3440799594
3441047376
3443080738
3443374951
3443500190
3443816646
3445775365
3446316970
3446619266
3448203286
3448961888
3449620440
3450299149
3452752967
3452842367
3452869015
3453306851
3458688747
3458776885
3459324314
3461145171
3461567853
3463419622
3463430487
3467063290
3467475499
3467496402
3467529731
3469186910
3470220935
3470290452
3470852872
3470897871
3476249526
3476956634
3477909861
3478063573
3478537897
3479345187
3479628604
3480750129
3480848334
3482354543
3484354004
3484399040
3484509613
3484926621
3486244240
3486613848
3486862973
3488127458
3488210054
3488529411
3489913518
3491757883
3493987163
3494648425
3495597322
3497600033
3498901740
3499210714
3501542750
3501767241
3504075581
3505292199
3506019607
3507647421
3508175529
3509758668
3512739776
3514427667
3515628070
3518398123
3519756700
3520166514
3520340028
3522409467
3523223079
3523846735
3524270472
3526516565
3528246484
3528472346
3530166623
3530840320
3530972130
3532010174
3533821381
3534473080
3538210844
3538539082
3540880169
3541786210
3544382248
3549095957
3551381462
3553994035
3554130087
3555971988
3556043638
3556715254
3556812300
3557035301
3558064314
3558315583
3560783392
3562289728
3562412421
3563077630
3564949930
3565273475
3566608393
3570628905
3570928900
3572022968
3572031078
3572445061
3573132202
3573933113
3576900655
3578884865
3579714505
3580018723
3580096595
3580279834
3582121934
3583014351
3583872118
3586376148
3586463721
3586931169
3591185639
3592251313
3592875493
3593549970
3595298100
3596575965
3601590794
3602432125
3602650156
3603004403
3603757257
3603998106
3604037243
3605720478
3607635092
3608692207
3610056962
3610790699
3612047985
3612403613
3612449750
3613039643
3614804892
3616356720
3617705545
3618739274
3620344967
3620393935
3620887606
3621408376
3621461551
3623512331
3623574867
3624153699
3627717810
3628713833
3629886795
3631525796
3632955462
3633752380
3634691601
3634943478
3635864867
3636737996
3638545415
3639521144
3640368100
3640926161
3642167031
3642202567
3642881582
3642953087
3644306166
3646932498
3647411388
3648194176
3648616833
3649720147
3651618507
3651670723
3652554798
3654559034
3654912897
3655072819
3655248352
3657807560
3659284287
3659428606
3660627808
3661639516
3661705119
3661788249
3666124945
3666240048
3667509759
3668834004
3669407824
3670196191
3670586283
3671252715
3673441831
3675008153
3675370121
3676688268
3678145188
3678371631
3684158265
3684909729
3688149919
3689521774
3689927779
3689930916
3691676428
3691927808
3693195058
3693284107
3693810836
3694367909
3696789981
3697032524
3702598887
3703477306
3706474782
3707979415
3709491656
3709805020
3709970533
3714422980
3715943829
3716569470
3716604418
3718824618
3719214830
3719215282
3719971881
3720366448
3720892812
3722494130
3723777752
3726125328
3727896250
3729785530
3730792796
3734045032
3743141243
3745814481
3746492520
3747121108
3748405069
3748524047
3749724839
3750132832
3750425932
3752495332
3752616300
3753632035
3756016031
3757314368
3760653726
3762184816
3763027580
3763532383
3764813605
3765129247
3766358709
3768439134
3769099389
3769996547
3771904418
3774961564
3775625390
3777388452
3780981367
3782677580
3783620830
3783638209
3784459188
3787107982
3788798498
3790792437
3791145479
3793185590
3795403483
3797735100
3797999251
3798027004
3799291285
3800074535
3800092419
3800543300
3801282175
3801827022
3803434855
3804331165
3804429522
3809103939
3809453881
3809576645
3810967204
3813553770
3816242038
3816626374
3822017671
3823482766
3824219753
3824336585
3825759056
3826010290
3826715596
3827709579
3828321766
3829084599
3829634583
3832488270
3834154184
3837338982
3838175581
3840500863
3841145064
3843138365
3844509742
3846217729
3846552816
3847141324
3848450277
3848535465
3848674984
3848874092
3849766088
3849801052
3849878345
3852588536
3855324268
3857222435
3858056594
3858603975
3858674759
3859256884
3859675531
3862832970
3863191312
3864461453
3865683159
3866926124
3868555449
3869150774
3869882534
3870248142
3870406677
3870594688
3872394191
3873239443
3875768677
3877099546
3877148713
3877311541
3878646249
3882639797
3883206101
3884006229
3886044406
3887976963
3890098745
3892010854
3893154741
3895364788
3896365154
3896564131
3897100321
3898352420
3898807459
3899256699
3899443545
3900085144
3900602994
3902155516
3903482676
3905190713
3905405426
3905440856
3910105402
3911919099
3913081160
3916521778
3917425036
3918003382
3918167057
3918538096
3919017726
3922076948
3922696726
3922960888
3923065877
3928934413
3929510108
3930462856
3931366176
3932892204
3933116339
3933241594
3933694937
3933725816
3934255227
3936129421
3937318676
3938533220
3940570927
3943365836
3943403989
3945401882
3946639437
3947252580
3947751321
3948580547
3949348594
3951801850
3952473659
3952608726
3952710855
3953190577
3955508477
3955745070
3957509151
3961034845
3961249669
3962415972
3962746271
3963590312
3963992325
3965178004
3967712521
3967847294
3968816828
3971251849
3971738313
3972292091
3972398600
3972872899
3972959608
3976810942
3977207163
3977329678
3979704756
3979880599
3983161611
3985813087
3987139592
3988669976
3989539013
3991273736
3994484700
3995640550
3996124443
3997813676
3998645011
3998765538
3999150768
4000655230
4002885663
4005395173
4005559927
4007592116
4009326066
4009951719
4012093965
4012583474
4014308566
4015213569
4015610367
4017027119
4019409665
4020309791
4023938903
4024440553
4025353877
4025551261
4028257032
4029647098
4033788654
4034047549
4035775044
4037025923
4038334095
4038674842
4039440824
4040855340
4040940862
4043203020
4046372794
4047051128
4047610679
4047921698
4048769255
4049770252
4049771879
4051554653
4051871421
4054948057
4055069019
4055637445
4059429723
4061589327
4062199561
4063284632
4065453260
4065569760
4067778994
4068116179
4069652623
4069887817
4072098302
4072291620
4073483262
4077343479
4078903682
4080399621
4082834418
4083119342
4083175035
4083671675
4084802868
4086538055
4086832979
4088989731
4089357372
4089525070
4090784415
4092060244
4092524124
4093674285
4093914750
4094691967
4095238852
4095405870
4095839723
4096472188
4096747955
4099613145
4099926841
4100028165
4100148844
4101456738
4102056392
4102879244
4103012987
4103259338
4103755011
4107370004
4108693592
4109925579
4110358900
4110428162
4112090960
4113893589
4115311835
4115940342
4118164334
4120716853
4120910788
4121021875
4121449686
4122600601
4123364209
4123730705
4125234521
4125262960
4125832874
4125928863
4126335967
4126519486
4127062285
4128990784
4130232489
4131062415
4136550904
4136953891
4139045605
4139969482
4140155077
4140506300
4142768100
4143219213
4144699553
4145685007
4146106973
4148607567
4150203115
4151336394
4153318761
4154921507
4155675109
4158688496
4159076719
4160590773
4161313488
4165593696
4166249579
4167112503
4168803747
4169708390
4170783783
4170805208
4172543712
4172980650
4175009597
4176625952
4179091373
4180337681
4182067914
4182997092
4185916396
4186879832
4187885116
4190155330
4190518770
4192229677
4192868993
4195853136
4197936055
4201661778
4202586477
4205137775
4206505706
4206855203
4207090454
4208621368
4209210896
4209252766
4209914000
4211181097
4211203447
4211436566
4215682785
4216671538
4216873494
4216974872
4221211171
4222402984
4222970030
4223122553
4224445179
4224778004
4226377449
4227128211
4227288123
4227320713
4229512362
4230547209
4230681866
4231793574
4232242705
4232715330
4234406078
4235177747
4235946722
4236290067
4237199707
4238602755
4241068656
4241077113
4241386511
4241471594
4241677039
4241698091
4243348004
4245494568
4247021769
4247146307
4247908794
4248226464
4248485619
4250998832
4252290070
4252410660
4252510593
4253816009
4256768104
4259115869
4259520001
4260172505
4260443276
4264055091
4265584732
4268827121
4269086409
4270139310
4270886131
4271935658
4272909612
4273057555
4275548413
4276500571
4276831888
4277863661
4280001156
4281098613
4281730757
4282306752
4283451926
4285185419
4285919361
4286036859
4287102729
4287968842
4288545657
4288695958
4290322515
4290445374
4293800353
4294023453
