5000
4721742
4932423
11106986
11168334
11528078
18811049
21013220
24924727
25910681
28020209
30173586
36416039
37716733
40392011
40544839
41816547
45443515
46095857
49253790
54666229
54985445
55109338
57923123
59367284
65517390
68916037
69906723
69971389
72430217
73148957
73744493
77086101
79491502
82252085
84038827
89129592
89529838
93163214
93417638
96944296
97612009
98688148
99538229
99900746
102173850
104062802
106122564
107485071
110990854
112205208
112748133
114086150
116398389
117432016
119711233
120341774
120510095
122498994
123972570
126906536
128866959
130046000
131808213
135424737
136025460
140137052
142421319
142786686
146648155
147571723
147711110
148597301
149979443
150575524
150762523
152026124
154673232
155356884
156004927
160143452
162111687
171356443
172382498
175229871
175449139
176235149
181050883
182392774
183587296
186446991
189105540
193793073
195289416
196223479
196225436
196444079
196450675
203641198
204966551
207907486
207964298
210367234
211836358
212064693
212166874
213633580
214367006
215102171
215219430
220235016
223100046
226491812
227350785
227400358
227468042
227999085
232221054
232493410
238820807
238922641
240086065
244795850
245423362
246171118
246820946
248738552
252351504
253267437
259482587
259695909
260655661
262720044
263696425
266316736
267214034
267558557
268728508
268850646
276468956
277204083
278559035
278631842
278845680
283091690
284527100
290230502
291930535
292488292
294293555
296718869
299695804
300768024
303867897
305239667
306151635
306247251
309052869
309401276
312207259
312544094
314136416
315158314
321319210
321725792
324739744
325629532
336087544
337156969
337587564
338030537
340422833
342288790
343144948
344089292
345223533
347520230
348718032
349378973
350862394
352091887
353225305
360417729
361924315
363453583
366226438
367222575
367884444
369393898
370181827
370881456
372472321
372770317
373091254
373239991
373550215
374399624
375280890
378283599
379489015
379508640
380356024
385385944
385841030
386304713
387430097
391632313
392697177
393972098
397455666
401190703
401457463
402501401
402950094
403475709
407394858
411341537
413366287
417713069
421091161
421206576
422766939
427668484
427701599
428430595
430130723
435802106
435936764
436028600
437878479
441631696
444671044
449573257
452355396
463783110
466889081
467841170
477000604
477204434
478878716
479546268
479550918
479592823
479611164
484101189
485656042
497002949
504812516
504906203
510389831
512395999
514233984
521229919
524986888
527952779
528465031
530848594
533428517
534490234
535531145
536939844
540771960
547846400
548906620
555488204
555932859
558699088
562267650
567989438
569331216
569370770
569521995
577097586
577536518
583552860
586529738
586856308
590118623
590145527
591611933
602344916
603537616
603936541
604200030
608587135
611519132
613227442
613519536
620085432
620225608
621555286
621673414
625133847
627035504
627359895
628937518
629461604
633673551
636733970
637991544
638354492
639057429
639477286
644904637
645030192
651473200
653185484
653358747
653460366
657191909
667352666
667823507
674856308
676820789
677963561
682374617
684792974
688347937
690846610
691978362
694087859
695816654
698534225
701234589
701595703
701626340
703836170
704207402
704675734
708803278
710953886
711235482
711581147
713288838
717133324
720625587
721257161
721329620
721548917
722405905
725452520
726705764
729211900
729545002
731522267
733988073
734044287
735437023
736158940
739595741
741360398
742000416
750026006
750270151
753007884
764903437
769650517
769748445
770861471
775333356
777105659
778148126
779966184
780246510
782495503
783509423
786946194
787274508
787342429
792108313
793284180
794327952
796312984
796967385
797282388
797526278
800430640
800596897
801401810
801637485
806290439
815801157
817945619
825921778
827279035
827977422
829952111
830498462
831426797
835810096
837052285
837596796
838019264
840766772
841736025
842701469
844206608
844765032
844880340
849016044
851183839
855366836
856733306
860128807
860688845
862614742
863217309
869172882
869795347
872233458
874202096
875112249
876010336
876349793
877294677
879216377
882490346
882673046
883459899
883713121
884018876
885410152
888361860
894879634
894954717
903566141
904354184
905650116
907511770
915659430
916018042
916573718
931824556
937253520
940919520
943348969
947282977
950649745
951502507
953094983
953270314
954278495
957126443
961467979
963255502
964206699
964852392
968684777
969967686
970014213
972683762
973628443
976765151
978831119
981870432
987095702
987174566
988028599
988925716
991474543
991782712
999219257
1000201672
1004002558
1004074802
1004275059
1004860880
1007210096
1010448970
1012900827
1013132051
1014518083
1016188349
1020854685
1022371859
1027244435
1029202182
1032007076
1034077096
1034581514
1042107078
1043162357
1044214915
1044366859
1046287060
1049336345
1053874215
1060241251
1064129286
1065797298
1067211768
1067944988
1068912523
1069158630
1071299469
1072203499
1072490556
1075906789
1076597903
1076992638
1080168251
1084242001
1091447331
1096396666
1098842312
1101135276
1103570768
1104346750
1107512939
1112822320
1118476636
1118843102
1119232794
1120877413
1121457396
1122876150
1126895189
1129192232
1130260253
1133460122
1134152694
1134565405
1136304685
1137797354
1137885729
1138225613
1144930381
1148155039
1148732684
1150789669
1154959075
1156200018
1156397317
1157299463
1157949821
1160186244
1161089799
1163763324
1164440125
1165832433
1169194086
1169633352
1170299306
1171109896
1174234601
1175939386
1181549504
1184989044
1185212349
1188273901
1190506138
1193242208
1200470025
1203463737
1204950785
1209129171
1214430346
1217150947
1222233338
1229220552
1235456930
1238523546
1242978050
1243259681
1243548841
1243987977
1244995834
1245755725
1246244134
1247251830
1249695563
1250466970
1250664524
1256373560
1257067332
1257113415
1257305812
1257834912
1258054308
1258316561
1259082884
1260853273
1269610567
1274998010
1275974448
1276180812
1282230663
1284018626
1289952282
1290897324
1293443919
1294854775
1295189403
1295263069
1299724304
1300062817
1301593190
1302824370
1306861800
1310935138
1312459061
1314455105
1318706157
1320526062
1321609209
1322081581
1323395248
1325249720
1327561476
1329614270
1332167445
1333911056
1335580014
1338871531
1343998235
1344476104
1345336499
1349041232
1350515784
1350695725
1353419961
1353529980
1353728865
1353852305
1354050229
1356288274
1357159523
1357864155
1358257319
1359757581
1360142927
1361046719
1363236292
1364116545
1366290867
1367119488
1368119825
1371247508
1375161652
1375590131
1378325675
1379263850
1380587109
1386160778
1386827109
1387027128
1388289353
1390836885
1391436347
1391467076
1392013022
1392050111
1394628211
1396462997
1397446233
1398988718
1405948456
1407087398
1407477582
1407946762
1408844613
1410528163
1412461920
1413378986
1414028697
1415839621
1418369117
1419276985
1419276985
1419276985
1419276985
1419276985
1419276985
1419276985
1419276985
1419276985
1419276985
1419276985
1419276985
1419276985
1419276985
1419276985
1419276985
1419276985
1419276985
1419276985
1419276985
1419276985
1419276985
1419276985
1419276985
1419276985
1419276985
1419276985
1419276985
1419276985
1419276985
1419276985
1419276985
1419276985
1419276985
1419276985
1419276985
1419276985
1419276985
1419276985
1419276985
1419276985
1419276985
1419276985
1419276985
1419276985
1419276985
1419276985
1419276985
1419276985
1419276985
1419276985
1419276985
1419276985
1419276985
1419276985
1419276985
1419276985
1419276985
1419276985
1419276985
1419276985
1419276985
1419276985
1419276985
1419276985
1419276985
1419276985
1419276985
1419276985
1419276985
1419276985
1419276985
1419276985
1419276985
1419276985
1419276985
1419276985
1419276985
1419276985
1419276985
1419276985
1419276985
1419276985
1419276985
1419276985
1419276985
1419276985
1419276985
1419276985
1419276985
1419276985
1419276985
1419276985
1419276985
1419276985
1419276985
1419276985
1419276985
1419276985
1419276985
1419276985
1419276985
1419276985
1419276985
1419276985
1419276985
1419276985
1419276985
1419276985
1419276985
1419276985
1419276985
1419276985
1419276985
1419276985
1419276985
1419276985
1419276985
1419276985
1419276985
1419276985
1419276985
1419276985
1419276985
1419276985
1419276985
1419276985
1419276985
1419276985
1419276985
1419276985
1419276985
1419276985
1419276985
1419276985
1419276985
1419276985
1419276985
1419276985
1419276985
1419276985
1419276985
1419276985
1419276985
1419276985
1419276985
1419276985
1419276985
1419276985
1419276985
1419276985
1419276985
1419276985
1419276985
1419276985
1419276985
1419276985
1419276985
1419276985
1419276985
1419276985
1419276985
1419276985
1419276985
1419276985
1419276985
1419276985
1419276985
1419276985
1419276985
1419276985
1419276985
1419276985
1419276985
1419276985
1419276985
1419276985
1419276985
1419276985
1419276985
1419276985
1419276985
1419276985
1419276985
1419276985
1419276985
1419276985
1419276985
1419276985
1419276985
1419276985
1419276985
1419276985
1419276985
1419276985
1419276985
1419276985
1419276985
1419276985
1419276985
1419276985
1419276985
1419276985
1419276985
1419276985
1419276985
1419276985
1419276985
1419276985
1419276985
1419276985
1419276985
1419276985
1419276985
1419276985
1419276985
1419276985
1419276985
1419276985
1419276985
1419276985
1419276985
1419276985
1419276985
1419276985
1419276985
1419276985
1419276985
1419276985
1419276985
1419276985
1419276985
1419276985
1419276985
1419276985
1419276985
1419276985
1419276985
1419276985
1419276985
1419276985
1419276985
1419276985
1419276985
1419276985
1419276985
1419276985
1419276985
1419276985
1419276985
1419276985
1419276985
1419276985
1419276985
1419276985
1419276985
1419276985
1419276985
1419276985
1419276985
1419276985
1419276985
1419276985
1419276985
1419276985
1419276985
1419276985
1419276985
1419276985
1419276985
1419276985
1419276985
1419276985
1419276985
1419276985
1419276985
1419276985
1419276985
1419276985
1419276985
1419276985
1419276985
1419276985
1419276985
1419276985
1419276985
1419276985
1419276985
1419276985
1419276985
1419276985
1419276985
1419276985
1419276985
1419276985
1419276985
1419276985
1419276985
1419276985
1419276985
1419276985
1419276985
1419276985
1419276985
1419276985
1419276985
1419276985
1419276985
1419276985
1419276985
1419276985
1419276985
1419276985
1419276985
1419276985
1419276985
1419276985
1419276985
1419276985
1419276985
1419276985
1419276985
1419276985
1419276985
1419276985
1419276985
1419276985
1419276985
1419276985
1419276985
1419276985
1419276985
1419276985
1419276985
1419276985
1419276985
1419276985
1419276985
1419276985
1419276985
1419276985
1419276985
1419276985
1419276985
1419276985
1419276985
1419276985
1419276985
1419276985
1419276985
1419276985
1419276985
1419276985
1419276985
1419276985
1419276985
1419276985
1419276985
1419276985
1419276985
1419276985
1419276985
1419276985
1419276985
1419276985
1419276985
1419276985
1419276985
1419276985
1419276985
1419276985
1419276985
1419276985
1419276985
1419276985
1419276985
1419276985
1419276985
1419276985
1419276985
1419276985
1419276985
1419276985
1419276985
1419276985
1419276985
1419276985
1419276985
1419276985
1419276985
1419276985
1419276985
1419276985
1419276985
1419276985
1419276985
1419276985
1419276985
1419276985
1419276985
1419276985
1419276985
1419276985
1419276985
1419276985
1419276985
1419276985
1419276985
1419276985
1419276985
1419276985
1419276985
1419276985
1419276985
1419276985
1419276985
1419276985
1419276985
1419276985
1419276985
1419276985
1419276985
1419276985
1419276985
1419276985
1419276985
1419276985
1419276985
1419276985
1419276985
1419276985
1419276985
1419276985
1419276985
1419276985
1419276985
1419276985
1419276985
1419276985
1419276985
1419276985
1419276985
1419276985
1419276985
1419276985
1419276985
1419276985
1419276985
1419276985
1419276985
1419276985
1419276985
1419276985
1419276985
1419276985
1419276985
1419276985
1419276985
1419276985
1419276985
1419276985
1419276985
1419276985
1419276985
1419276985
1419276985
1419276985
1419276985
1419276985
1419276985
1419276985
1419276985
1419276985
1419276985
1419276985
1419276985
1419276985
1419276985
1419276985
1419276985
1419276985
1419276985
1419276985
1419276985
1419276985
1419276985
1419276985
1419276985
1419276985
1419276985
1419276985
1419276985
1419276985
1419276985
1419276985
1419276985
1419276985
1419276985
1419276985
1419276985
1419276985
1419276985
1419276985
1419276985
1419276985
1419276985
1419276985
1419276985
1419276985
1419276985
1419276985
1419276985
1419276985
1419276985
1419276985
1419276985
1419276985
1419276985
1419276985
1419276985
1419276985
1419276985
1419276985
1419276985
1419276985
1419276985
1419276985
1419276985
1419276985
1419276985
1419276985
1419276985
1419276985
1419276985
1419276985
1419276985
1419276985
1419276985
1419276985
1419276985
1419276985
1419276985
1419276985
1419276985
1419276985
1419276985
1419276985
1419276985
1419276985
1419276985
1419276985
1419276985
1419276985
1419276985
1419276985
1419276985
1419276985
1419276985
1419276985
1419276985
1419276985
1419276985
1419276985
1419276985
1419276985
1419276985
1419276985
1419276985
1419276985
1419276985
1419276985
1419276985
1419276985
1419276985
1419276985
1419276985
1419276985
1419276985
1419276985
1419276985
1419276985
1419276985
1419276985
1419276985
1419276985
1419276985
1419276985
1419276985
1419276985
1419276985
1419276985
1419276985
1419276985
1419276985
1419276985
1419276985
1419276985
1419276985
1419276985
1419276985
1419276985
1419276985
1419276985
1419276985
1419276985
1419276985
1419276985
1419276985
1419276985
1419276985
1419276985
1419276985
1419276985
1419276985
1419276985
1419276985
1419276985
1419276985
1419276985
1419276985
1419276985
1419276985
1419276985
1419276985
1419276985
1419276985
1419276985
1419276985
1419276985
1419276985
1419276985
1419276985
1419276985
1419276985
1419276985
1419276985
1419276985
1419276985
1419276985
1419276985
1419276985
1419276985
1419276985
1419276985
1419276985
1419276985
1419276985
1419276985
1419276985
1419276985
1419276985
1419276985
1419276985
1419276985
1419276985
1419276985
1419276985
1419276985
1419276985
1419276985
1419276985
1419276985
1419276985
1419276985
1419276985
1419276985
1419276985
1419276985
1419276985
1419276985
1419276985
1419276985
1419276985
1419276985
1419276985
1419276985
1419276985
1419276985
1419276985
1419276985
1419276985
1419276985
1419276985
1419276985
1419276985
1419276985
1419276985
1419276985
1419276985
1419276985
1419276985
1419276985
1419276985
1419276985
1419276985
1419276985
1419276985
1419276985
1419276985
1419276985
1419276985
1419276985
1419276985
1419276985
1419276985
1419276985
1419276985
1419276985
1419276985
1419276985
1419276985
1419276985
1419276985
1419276985
1419276985
1419276985
1419276985
1419276985
1419276985
1419276985
1419276985
1419276985
1419276985
1419276985
1419276985
1419276985
1419276985
1419276985
1419276985
1419276985
1419276985
1419276985
1419276985
1419276985
1419276985
1419276985
1419276985
1419276985
1419276985
1419276985
1419276985
1419276985
1419276985
1419276985
1419276985
1419276985
1419276985
1419276985
1419276985
1419276985
1419276985
1419276985
1419276985
1419276985
1419276985
1419276985
1419276985
1419276985
1419276985
1419276985
1419276985
1419276985
1419276985
1419276985
1419276985
1419276985
1419276985
1419276985
1419276985
1419276985
1419276985
1419276985
1419276985
1419276985
1419276985
1419276985
1419276985
1419276985
1419276985
1419276985
1419276985
1419276985
1419276985
1419276985
1419276985
1419276985
1419276985
1419276985
1419276985
1419276985
1419276985
1419276985
1419276985
1419276985
1419276985
1419276985
1419276985
1419276985
1419276985
1419276985
1419276985
1419276985
1419276985
1419276985
1419276985
1419276985
1419276985
1419276985
1419276985
1419276985
1419276985
1419276985
1419276985
1419276985
1419276985
1419276985
1419276985
1419276985
1419276985
1419276985
1419276985
1419276985
1419276985
1419276985
1419276985
1419276985
1419276985
1419276985
1419276985
1419276985
1419276985
1419276985
1419276985
1419276985
1419276985
1419276985
1419276985
1419276985
1419276985
1419276985
1419276985
1419276985
1419276985
1419276985
1419276985
1419276985
1419276985
1419276985
1419276985
1419276985
1419276985
1419276985
1419276985
1419276985
1419276985
1419276985
1419276985
1419276985
1419276985
1419276985
1419276985
1419276985
1419276985
1419276985
1419276985
1419276985
1419276985
1419276985
1419276985
1419276985
1419276985
1419276985
1419276985
1419276985
1419276985
1419276985
1419276985
1419276985
1419276985
1419276985
1419276985
1419276985
1419276985
1419276985
1419276985
1419276985
1419276985
1419276985
1419276985
1419276985
1419276985
1419276985
1419276985
1419276985
1419276985
1419276985
1419276985
1419276985
1419276985
1419276985
1419276985
1419276985
1419276985
1419276985
1419276985
1419276985
1419276985
1419276985
1419276985
1419276985
1419276985
1419276985
1419276985
1419276985
1419276985
1419276985
1419276985
1419276985
1419276985
1419276985
1419276985
1419276985
1419276985
1419276985
1419276985
1419276985
1419276985
1419276985
1419276985
1419276985
1419276985
1419276985
1419276985
1419276985
1419276985
1419276985
1419276985
1419276985
1419276985
1419276985
1419276985
1419276985
1419276985
1419276985
1419276985
1419276985
1419276985
1419276985
1419276985
1419276985
1419276985
1419276985
1419276985
1419276985
1419276985
1419276985
1419276985
1419276985
1419276985
1419276985
1419276985
1419276985
1419276985
1419276985
1419276985
1419276985
1419276985
1419276985
1419276985
1419276985
1419276985
1419276985
1419276985
1419276985
1419276985
1419276985
1419276985
1419276985
1419276985
1419276985
1419276985
1419276985
1419276985
1419276985
1419276985
1419276985
1419276985
1419276985
1419276985
1419276985
1419276985
1419276985
1419276985
1419276985
1419276985
1419276985
1419276985
1419276985
1419276985
1419276985
1419276985
1419276985
1419276985
1419276985
1419276985
1419276985
1419276985
1419276985
1419276985
1419276985
1419276985
1419276985
1419276985
1419276985
1419276985
1419276985
1419276985
1419276985
1419276985
1419276985
1419276985
1419276985
1419276985
1419276985
1419276985
1419276985
1419276985
1419276985
1419276985
1419276985
1419276985
1419276985
1419276985
1419276985
1419276985
1419276985
1419276985
1419276985
1419276985
1419276985
1419276985
1419276985
1419276985
1419276985
1419276985
1419276985
1419276985
1419276985
1419276985
1419276985
1419276985
1419276985
1419276985
1419276985
1419276985
1419276985
1419276985
1419276985
1419276985
1419276985
1419276985
1419276985
1419276985
1419276985
1419276985
1419276985
1419276985
1419276985
1419276985
1419276985
1419276985
1419276985
1419276985
1419276985
1419276985
1419276985
1419276985
1419276985
1419276985
1419276985
1419276985
1419276985
1419276985
1419276985
1419276985
1419276985
1419276985
1419276985
1419276985
1419276985
1419276985
1419276985
1419276985
1419276985
1419276985
1419276985
1419276985
1419276985
1419276985
1419276985
1419276985
1419276985
1419276985
1419276985
1419276985
1419276985
1419276985
1419276985
1419276985
1419276985
1419276985
1419276985
1419276985
1419276985
1419276985
1419276985
1419276985
1419276985
1419276985
1419276985
1419276985
1419276985
1419276985
1419276985
1419276985
1419276985
1419276985
1419276985
1419276985
1419276985
1419276985
1419276985
1419276985
1419276985
1419276985
1419276985
1419276985
1419276985
1419276985
1419276985
1419276985
1419276985
1419276985
1419276985
1419276985
1419276985
1419276985
1419276985
1419276985
1419276985
1419276985
1419276985
1419276985
1419276985
1419276985
1419276985
1419276985
1419276985
1419276985
1419276985
1419276985
1419276985
1419276985
1419276985
1419276985
1419276985
1419276985
1419276985
1419276985
1419276985
1419276985
1419276985
1419276985
1419276985
1419276985
1419276985
1419276985
1419276985
1419276985
1419276985
1419276985
1419276985
1419276985
1419276985
1419276985
1419276985
1419276985
1419276985
1419276985
1419276985
1419276985
1419276985
1419276985
1419276985
1419276985
1419276985
1419276985
1419276985
1419276985
1419276985
1419276985
1419276985
1419276985
1419276985
1419276985
1419276985
1419276985
1419276985
1419276985
1419276985
1419276985
1419276985
1419276985
1419276985
1419276985
1419276985
1419276985
1419276985
1419276985
1419276985
1419276985
1419276985
1419276985
1419276985
1419276985
1419276985
1419276985
1419276985
1419276985
1419276985
1419276985
1419276985
1419276985
1419276985
1419276985
1419276985
1419276985
1419276985
1419276985
1419276985
1419276985
1419276985
1419276985
1419276985
1419276985
1419276985
1419276985
1419276985
1419276985
1419276985
1419276985
1419276985
1419276985
1419276985
1419276985
1419276985
1419276985
1419276985
1419276985
1419276985
1419276985
1419276985
1419276985
1419276985
1419276985
1419276985
1419276985
1419276985
1419276985
1419276985
1419276985
1419276985
1419276985
1419276985
1419276985
1419276985
1419276985
1419276985
1419276985
1419276985
1419276985
1419276985
1419276985
1419276985
1419276985
1419276985
1419276985
1419276985
1419276985
1419276985
1419276985
1419276985
1419276985
1419276985
1419276985
1419276985
1419276985
1419276985
1419276985
1419276985
1419276985
1419276985
1419276985
1419276985
1419276985
1419276985
1419276985
1419276985
1419276985
1419276985
1419276985
1419276985
1419276985
1419276985
1419276985
1419276985
1419276985
1419276985
1419276985
1419276985
1419276985
1419276985
1419276985
1419276985
1419276985
1419276985
1419276985
1419276985
1419276985
1419276985
1419276985
1419276985
1419276985
1419276985
1419276985
1419276985
1419276985
1419276985
1419276985
1419276985
1419276985
1419276985
1419276985
1419276985
1419276985
1419276985
1419276985
1419276985
1419276985
1419276985
1419276985
1419276985
1419276985
1419276985
1419276985
1419276985
1419276985
1419276985
1419276985
1419276985
1419276985
1419276985
1419276985
1419276985
1419276985
1419276985
1419276985
1419276985
1419276985
1419276985
1419276985
1419276985
1419276985
1419276985
1419276985
1419276985
1419276985
1419276985
1419276985
1419276985
1419276985
1419276985
1419276985
1419276985
1419276985
1419276985
1419276985
1419276985
1419276985
1419276985
1419276985
1419276985
1419276985
1419276985
1419276985
1419276985
1419276985
1419276985
1419276985
1419276985
1419276985
1419276985
1419276985
1419276985
1419276985
1419276985
1419276985
1419276985
1419276985
1419276985
1419276985
1419276985
1419276985
1419276985
1419276985
1419276985
1419276985
1419276985
1419276985
1419276985
1419276985
1419276985
1419276985
1419276985
1419276985
1419276985
1419276985
1419276985
1419276985
1419276985
1419276985
1419276985
1419276985
1419276985
1419276985
1419276985
1419276985
1419276985
1419276985
1419276985
1419276985
1419276985
1419276985
1419276985
1419276985
1419276985
1419276985
1419276985
1419276985
1419276985
1419276985
1419276985
1419276985
1419276985
1419276985
1419276985
1419276985
1419276985
1419276985
1419276985
1419276985
1419276985
1419276985
1419276985
1419276985
1419276985
1419276985
1419276985
1419276985
1419276985
1419276985
1419276985
1419276985
1419276985
1419276985
1419276985
1419276985
1419276985
1419276985
1419276985
1419276985
1419276985
1419276985
1419276985
1419276985
1419276985
1419276985
1419276985
1419276985
1419276985
1419276985
1419276985
1419276985
1419276985
1419276985
1419276985
1419276985
1419276985
1419276985
1419276985
1419660745
1425064590
1428432019
1434568818
1436806459
1437692133
1437848978
1438439994
1440449070
1443597106
1448828749
1451018034
1453104789
1455383234
1456381629
1456566012
1458209406
1460413804
1461267719
1461327159
1463143659
1472431292
1478601881
1478707891
1480148273
1480513514
1484313163
1485932966
1487221194
1489434366
1489881013
1491977827
1493179040
1494969059
1495125208
1495924878
1496390443
1498564679
1499365159
1510737027
1511539512
1512066906
1515598346
1517947657
1518525421
1526272777
1528717065
1529405032
1531300840
1535317197
1536193823
1538858865
1540613408
1542045863
1543809310
1544408893
1545458649
1545666402
1547311344
1550178446
1551258332
1551797976
1555713198
1559687365
1564660660
1568039497
1573504707
1577060917
1577248924
1578713419
1578807574
1582589386
1584202265
1584574807
1589432699
1590150561
1591804740
1594216854
1598395472
1601859013
1602974139
1605848328
1606450170
1606615031
1606759272
1608315988
1610367584
1614040313
1619494170
1620628687
1623851997
1624390780
1629059239
1630773112
1631539038
1632239692
1634443251
1636110837
1636886763
1637564879
1638073912
1638955679
1639146466
1641355852
1645726471
1646999424
1649771945
1652276017
1656165115
1657140741
1660401696
1661842894
1670984340
1677892741
1678530597
1679277737
1681286989
1686576214
1687051214
1687419666
1688719228
1689118873
1691428981
1692253001
1694823045
1694899890
1698660263
1700035827
1703491028
1703707898
1704453191
1706180570
1708526466
1708789220
1710099927
1711809317
1713977818
1718556787
1721657076
1722472631
1724558768
1725363025
1726729345
1728104167
1729074202
1729197224
1732036299
1732361896
1734221271
1735529230
1736342641
1739000669
1739399587
1740112931
1745009785
1745591860
1748371478
1750988844
1761178927
1762378588
1763200072
1764469417
1765166780
1765735790
1771401259
1771611471
1774621483
1776934840
1778998345
1779768917
1779981391
1781114989
1782277085
1791214456
1794603051
1799793534
1802083791
1802886398
1810375245
1811205616
1818588584
1818971802
1819176235
1821664470
1822757943
1823550762
1831229746
1840358849
1841233541
1841276878
1847109715
1851724695
1852129793
1852666945
1853999930
1858327503
1858635950
1858912917
1860517821
1860977388
1862784031
1864993160
1869020654
1874228554
1875825288
1879818919
1881871762
1884321564
1886486864
1887838127
1890195865
1890307671
1890509926
1890518283
1893354503
1893592423
1893955276
1894456953
1897701387
1898372586
1901086267
1901172178
1902574221
1904793615
1909850999
1913936320
1913997533
1916875056
1919141003
1920225016
1921251846
1925891044
1930160063
1935677456
1936263241
1939814362
1941999439
1945943128
1952625894
1953123718
1953166934
1953265827
1956292764
1956588496
1959357422
1962760953
1964518661
1966753406
1967779936
1968795554
1971999711
1972134233
1979157977
1981762508
1982504248
1983239294
1985515936
1991520060
1994842407
1994871669
1996685206
1997674439
2000384332
2009696763
2017968500
2023089950
2025871185
2027173464
2029046645
2029361169
2030857231
2031067184
2031298475
2033758291
2034996235
2035012602
2036260698
2036652828
2039940385
2040532142
2041819823
2043554287
2044758749
2044893323
2045122284
2047410896
2047688468
2048906502
2049061532
2049445414
2053024302
2055664600
2057351651
2060111274
2065856847
2066895672
2066932286
2072176140
2074638501
2080512285
2082471699
2082752920
2085346429
2085790651
2092800629
2094404923
2095335008
2097605153
2098840093
2100029545
2101644943
2103726347
2105316967
2105558599
2106235421
2109926073
2111014731
2112279779
2113249408
2114218775
2118118449
2119105073
2120538194
2121696397
2131757687
2132747448
2132822392
2133706724
2134494191
2139008550
2141839829
2142249841
2143130279
2144621931
409329801
1215844066
1384316057
362138401
491450009
578194901
358198432
844384083
991343605
1333835809
196650830
133167077
461102965
1636534379
262757077
931814907
1562388025
1772984306
64145170
51081396
1679047419
1814849553
1466198930
30567185
494086662
1942748932
1439931136
929384709
1520239532
2052865965
1046001053
838563429
1947859589
1435397455
2041219434
723766413
994726683
211169286
1479204958
1727031434
828338386
1894253648
275995161
85993407
34697018
1184713189
6192539
998787917
1896336067
915472942
1780889086
1923280163
645844897
1332831941
504510530
1043039354
453412217
1227151563
303373553
673127293
306561055
558382232
226635834
1579955907
683633794
795664308
349354687
383933511
1729643789
1784515931
602638315
1009280953
11649418
370756449
1453578396
518133300
220184515
526819824
185705387
856700218
1830194438
1669643485
529237046
9766248
932572964
1418150142
2075922188
2004884554
2076277648
1536649833
835404409
393817977
354139385
1343457858
853154848
225219317
1394874805
1729356983
1259134783
974440343
708552779
849734038
713724116
1865049117
1209197807
1349790688
2062329955
1193491105
1507738755
258220685
1998085855
1627176846
1904489824
516713433
2126283610
173263543
52541869
455413366
500724454
1834969432
318589057
849549028
1899228340
133781372
48140795
1648490293
1489824504
1968598355
2099486803
770894164
649371997
483259525
359683721
37832542
196373882
1920952982
187619476
814539336
1901854174
1316500470
899384249
1961165357
1727140943
521372502
974361354
1528468303
767383107
1768579114
1188010871
1743242738
561301545
2046889191
1526091844
1628425987
1423966141
1041169619
1241030777
1643089375
910908852
234156101
1271548203
1300876524
300728761
1319264736
113762677
748866509
1945245343
447437873
1748083364
313324141
408935343
1028639401
1099054257
1298049552
32450591
2083720246
2070342893
575470310
1810637729
1545033313
2632067
1287477129
582879931
1790086350
1882873627
138026797
534038419
1249547320
899223227
1402352250
701239925
349164739
1486444769
999967032
238885402
1300015171
856354419
313317939
304698329
1463801055
531671353
120974704
1702320066
2116203928
415256282
2037962471
1818564094
1619463754
1119571400
384804786
1340777185
896240324
660825410
1854727233
1675468826
1798979118
1019770113
209302484
168634802
1714186821
1844776042
1929526155
395533738
1273647101
69833211
1160706015
244544757
1927514188
940142721
1941520868
127212311
1311082212
29035217
516104250
477679517
1065769733
230802904
748941046
1050505055
1375397398
790091878
1182804145
133144736
85617778
163951356
308921191
1570482338
375149489
125474031
13097663
1089090047
1333296548
1870709438
1852932386
1574246355
1359957445
1136323094
610168087
860623784
1201575143
2084695660
1284256815
146153708
1831561835
1029164747
1338609891
977752065
534089611
2109931264
217291137
1289939659
1168432348
1252004668
1397681770
1661377504
1189331434
315624962
424128244
825172515
225067279
987055786
135422227
1856187016
440237943
997944086
598970332
1638516435
1362917564
1494919246
1696581269
153523217
1136848072
843538745
1816133368
1568441165
428893230
1453397278
1769050368
518442261
1117924748
626812033
1422550096
864021421
323601733
1345732327
425449685
1559794932
1140543195
670445243
326503292
720110559
1827814268
320831941
2038478417
1900133928
321613359
139385214
1890116468
1609371252
1146098399
1694962050
856596895
93644777
1929737435
1799033051
1926222044
697914983
301439367
377517896
1276584834
52187861
948051851
1726282664
1128662878
713936595
1141216376
1247180075
1915125805
1034503399
871020881
1999409015
243206849
916130902
2101804571
1070915294
812900751
131959843
1645957597
1872475772
1474936866
860169541
9563983
1828072403
364339592
979645147
138864080
1721351918
2009477089
1953602101
1313032524
595674296
2076614205
750712391
756729412
953069950
166126677
362319239
1383310628
643762374
691606232
1644443660
50056730
1637355133
1172267673
1287802533
1756977665
1623469405
1870554700
1399734467
1801317631
1668452458
1986482727
2034416427
202261055
2082421831
1722718458
1354594752
1199855017
1091825389
61549308
1519585349
1795430519
1508008836
502504758
1691767702
856281234
1230781291
1178669933
1516404003
2013639472
1043812831
568338274
54109262
1028783753
1377694674
745703964
331959056
73339286
2105250071
997375325
1777222440
427502957
1709399084
834175222
1209708538
1343712017
829837867
1326227051
1165273944
1855799815
375001677
1936165041
306141096
2090065907
1347684970
1031265881
145147030
2092193865
605053077
791996594
983111252
411632346
1260012235
689390578
913168881
1711241505
1734973911
1173563211
1587073229
45380416
351957027
1171788951
1831856467
1686077477
1857433774
2067146826
546263416
556641787
1039747777
966452400
1746664539
89452483
189328881
1627221760
511875775
276660543
531650446
1917074402
1572318473
1170299376
418889559
825423247
144152709
413026347
1066666925
277523319
2147424796
1158374890
1867516175
1870852320
2106866513
247628608
70706770
810226599
284643766
1561693293
834041817
1115054350
1776156728
1843434196
851956903
1566194172
1318387525
402862929
2048792359
1300381715
574408486
1144430937
1587215627
291179955
1893755819
498917746
1534399134
1662611962
462030570
46922438
498917017
1522146831
1896585553
813616850
1430017501
1814645730
188029416
1261949975
1044732053
985316899
974719476
1104973816
2003829903
1530627467
549230456
1031559186
779756871
1428516903
216415261
1601477256
1615693741
33988672
16960202
1582273610
982562469
1925654700
1899982610
2073379027
64166920
416633646
1564999102
560198858
693897958
1506776896
1272125648
268576404
2100479681
278325534
597866772
270852691
1703329644
1904312198
1826320545
985633244
1996562597
1795583404
1930063384
834806953
1089793220
266623277
1486528897
266422681
262595572
364884019
1539895148
1692322439
1589811405
968747861
1671771920
1942105739
1367204620
533025440
1404278443
862510971
707272347
804349884
298942523
1362733728
552671241
878774212
1313140665
265716436
1277637739
568493020
507441637
914030822
1165498363
1332642654
1618131215
198424897
2032623735
137257669
492206005
399317791
447716462
2135361393
272223487
1119977899
774382538
1296415346
483637760
274228425
457232513
1010357025
917322346
651567409
874327010
1730944296
19816963
203731856
1032370474
1530172405
1490938010
1355940874
201807354
899520065
2096341222
1590205472
1149380989
1030877358
57691910
1112806573
504990688
523120272
284360686
1098935027
1441634589
1642031869
317274686
233752101
923971144
728765751
1266738216
2063803601
191255663
1798392129
1891664225
1852719387
141855809
463733693
754023288
568400469
1099420627
1013179201
1104994144
197998952
1316217061
431096480
1976198029
978188901
1433541322
909963161
1519796640
1051631062
972844224
1799868157
929463057
689550721
1457208635
1402018057
1526909115
331914155
1466171826
1722513904
64139321
2100260900
896240561
664808669
81884542
1843963314
1154908541
1590647001
2127707951
489842613
1479977740
1830276626
903493554
159294141
1492003625
2085863003
1576437793
1684233912
937407877
1074154347
1564573347
1994469161
970942904
2056637622
11730842
1739249617
20909955
1393779224
495796292
611729284
1329857999
2061074864
1574013138
1735246620
1462016080
596367586
843837353
392387083
2074907691
2134102651
591383163
822502225
442659836
900510444
1561771899
7689212
383567264
2016581401
1096689653
210855770
504908840
1294984583
59124136
1561908838
161739338
1786240311
1667005564
1290855386
1526670508
616613600
1816178425
178230517
1928095301
2116974324
478399972
289555036
353545950
2107014048
579765706
988914303
1306746388
171285247
1163059349
1142323649
529764563
285809879
1833201661
672432918
1521102312
1521223896
1417202537
1181910482
145736224
1257359188
1196786236
1054430650
780879506
969290525
54907533
1560422568
951803212
350897581
545549205
1437799392
1608385300
1755072311
1812439432
1761484576
61711290
2094533176
1267147408
351158957
643528343
1053214509
1816034189
2049023359
887831421
1066313391
778128322
1974781271
789057312
974722559
1156789797
996661888
523905016
588651212
3758355
889646722
1511306240
87398964
35573400
881679934
757486438
791504050
1294858832
93110726
1543876866
2041063808
255643878
1639363546
567926612
1725240616
794831318
1381677286
1109470791
275077436
1841658508
1072739745
1411677650
666931494
1400465965
1210702635
871631120
1518277653
1291820317
564396649
379210944
1814355159
1746853560
1118844783
1057454749
67303871
1599761575
697530585
283313122
672396055
901545871
1784324312
1677065076
709865457
1437076714
199754389
755075662
1075781111
988308484
1862164690
2122757099
1032735282
1219049520
1571290260
1068992661
711462625
363391879
83818285
2132127210
1749884628
522397131
1015431781
309400558
1037268919
106475287
676270658
1597489082
1158446380
921564958
1090186942
441457990
28437545
1208449181
1652535388
756259465
1644605309
619407826
1534094573
838822529
2007585995
234756301
621691368
1258879321
975857803
909482882
2037682075
1400915816
181413804
1742508735
1109815006
1765331647
294924177
398385563
1959629642
1686182702
1478466702
56581077
1770389165
1544766970
1968656207
924321720
178445642
1248733882
112672643
1756017894
524983737
1538845883
1237194760
1595661066
499752526
532161065
1909113347
914853202
2102337141
1431884696
984337390
1691980889
144347849
1545260680
1676505589
2043985683
2118956769
1585098382
1213865239
338425373
1378546755
34243802
9962818
2088841307
93185593
654682888
1696575035
48748379
1122736346
2038444680
1333116169
986563232
447001737
860396553
1677471020
1090115324
1385257911
1159493050
1333078472
352989753
1348945657
744795820
101168377
1677347462
1160959665
212673013
982540883
1562858798
1095331529
1007185819
1305954279
1890694813
592197432
1623019426
750208588
879246979
669001046
1823688077
1838900155
1957741108
10362822
221773947
1470599684
979595665
1454703753
104655576
157158939
2112885610
478860478
1586828437
226128566
1644237219
875370137
2082910609
1347675716
875733903
1754274830
1294078147
2004523460
302338084
449868986
1805610262
800257677
240696178
1668956345
1865376948
276602483
1703319673
1736729601
616673983
683551859
1566066410
1318575238
1410271673
658996172
1175495225
1846177822
1866922498
482857569
46460170
1319513329
2144381581
1550667913
214073799
903231068
42659233
1861674580
327929270
1064202688
1810765000
1536593363
2033796766
525036863
284250918
1401547898
67397743
1029984632
86031557
675884068
1542521893
742869067
2077969058
2046890292
1544596351
1248546321
1255302210
984895342
332061918
1802140920
473085152
1157688470
1068273470
1508921370
807078167
1056038317
2031135011
886077165
1647303857
876747475
1609510258
1334888594
710939149
155265335
351854240
1591731489
1027344944
817951928
1275229449
894552283
207207734
1469393551
35471157
1310765480
1148171434
29239296
1798576356
693000120
1449199159
2078224686
2048262794
989917348
985054527
860000566
1464568452
544410850
1632819730
107677097
1547738505
371637424
1227739692
1598123068
1076430847
1171003201
1510658099
2078995059
2111019923
1334513774
853790350
168683196
380061132
1071079346
1422639068
211890178
710334920
737406767
467406132
199679798
1648908372
2074027316
222541908
1492818329
746207602
206668334
993632339
1145882501
213848011
1403379446
785453921
542072138
980792792
99980772
1044623050
1300787125
945683415
574684458
1487725047
1042762908
102151589
1022322370
155412943
685218249
1655795729
1865719477
1738520092
644685162
1168518619
554477718
1175462093
1289328298
1630706256
1093741578
54683126
2083781413
950893015
85602131
2048455874
2087529261
1663948588
1451867282
1824211360
2043782948
859073271
911906916
1976232220
1552837038
163335675
698588859
889855064
717942940
1903863734
731437038
1065902238
310330792
1639326228
2088206633
163637910
1483285210
1584350094
1522290705
19708577
529572001
1344387639
1447598586
947198039
261166262
2112274613
947252134
1170340927
1117237216
1956363591
480754720
1211099026
1091323716
219865785
1612375655
101492092
675574526
635016793
1880998008
826752969
1017953893
1896347649
1110131616
644144976
679547105
830158989
280873564
472934042
765466347
1765848499
391721153
1620040416
74111399
49767733
1075149848
1116089478
1993683848
657089195
1337187491
693795382
1930265711
2087833195
329716385
1035473435
2142030404
689141720
1025579769
1215426761
813121863
1700705580
751341490
592578070
1577951351
1352799454
1091052589
2105485237
654842993
92492476
1890367351
1530994539
276158619
685748366
1975537560
615104653
77626313
1142868862
1103224866
526514664
1499332208
703305958
713243018
221685972
2139487506
900327974
642482256
651499476
1880060726
106239924
1015492011
1321686168
8581008
339597107
1744527270
675594399
969022304
1989368127
1137210346
489826922
1216259103
1917391975
467316943
848163922
94588268
607121496
1196176375
1541915058
1281211457
502429330
424049306
1645945196
1664052165
1045202274
298386658
610245261
10203555
1839940772
120038204
994950095
1818571123
1737600157
215723146
706518686
1022471339
511651279
798523565
1160246852
1117326804
1314585460
926065884
1575322579
120701390
1403698962
1860592039
1461015506
959589544
219277038
307239414
1222143710
2035734062
872916030
1638923553
1762898849
209077484
682027096
1709178433
1420661159
1328911967
1193500569
1666800203
2134320353
2102817030
907444531
2138855170
1010075057
473253464
1839024607
1901922225
312749980
1496429651
1312154340
868421337
1258545947
1815291926
311227353
1675441426
1338467318
729011301
1098729772
139397451
2095783727
810321595
1881241538
624794385
1871678512
960289928
1253212691
226087861
960108284
347805630
118736276
588282669
252107095
178710134
1399083632
1600152021
817305566
1149241550
834809732
1136499873
1433809093
1115423064
1530681985
1465514482
1411951531
975082167
758270512
1084533886
2067309913
1139782978
778380006
1909866965
696009046
480610913
941618424
973857425
1648868188
1398654828
835694134
968258758
2041352387
810823837
1732488244
199147235
1288056619
1732433773
1431136785
1299099095
492250616
1149094868
517009005
651511273
2078332905
1719615880
749173834
668005677
126906823
471712690
1713039753
1893356989
238232877
1070445731
1510889998
1681554258
997619686
1589230473
1942441972
575821710
1274166588
210916632
1527816474
549511339
1457392473
196816029
762183023
270113206
12223484
1429149123
104718566
1215831869
1179321078
1722779783
237800380
243919593
10317428
1606320636
1414002815
1091274003
1531823041
1315889851
1374128951
946139619
1799654145
1627530667
1408708430
155374835
44737093
277045601
560869311
1224783294
1302065763
960915811
1035010037
796151159
2089408503
1036114177
26079316
228400024
1165926179
2080495225
1554506121
298326245
1742367617
885528427
1014598879
1343202173
850824347
1858678303
1509109259
1817444943
2137245720
1877336318
1561754902
1869504280
925194703
1965769041
1791846639
1403279792
1258052790
2116736815
781553503
1559739869
215099354
959864777
550150775
1466975090
190586423
1287893684
1141468875
1195963474
111171598
150274696
226046800
269996057
190783888
311720645
1376265482
347594137
859140719
2045505452
1891910588
1698375034
236560514
880328201
1661230024
858118721
2048654242
1126532943
1423341049
1272666610
770590150
1982259640
1923953569
1226361304
2053876069
842949805
507753376
1858460901
2717492
575731457
1904768064
898125819
138085170
1515113430
1797815531
790716227
938819553
1177872762
1003252888
1777176019
1794788857
1461013837
931538661
1214488797
81146444
176168463
1630892075
2069317864
527677083
1708755518
755179695
676780095
1569662153
1622685723
1584113208
1835914997
1178314483
1984806794
1784297907
1233276241
161621643
1955624093
936913716
1358725008
1897590905
530698738
954103575
358392876
1964920744
419420842
1164762040
1842163875
976508326
1105404708
655897159
629991262
1168760724
328569159
1081398876
916804371
535896172
260547286
299079569
1518582203
2115424873
206580779
1669579101
1594618805
162341075
1162215835
1997769380
603148815
999319865
99367868
1480963757
1222395169
1967038181
1647446149
1120765472
1126220067
459801411
1236152771
1262821119
653663732
1747489319
1066628061
1771819718
1965751124
1490715620
1913199438
870307935
754343828
1660748955
1362726626
433307927
489282112
649572021
1697579246
1894137127
465110361
269362247
275757453
385802345
926882122
261449116
423750850
924762498
1144150547
1169668191
547981499
1515175357
691138973
233672588
1735079800
805755987
308995527
672363843
360158787
1579815863
477397933
628154739
367089721
2103906663
2041037186
1955691571
2071016462
1158726258
1330507210
87462259
1099372465
203720467
840955551
1350064750
226039048
139708193
875973580
1487558875
397393751
322630887
61109134
564031872
690854846
1900801040
796346508
1077671852
553737766
1623990711
2042210054
193247577
916752375
1809483047
1465645762
1470890844
1578154491
472006140
202602962
1386401839
1058138123
815352454
535542871
765068320
1518659651
1269609762
933753342
1929410365
596934855
1787992848
1057123865
948587424
2137723487
1317231699
304248170
340429683
705246573
1116904618
661356299
39960421
1599897883
840975494
1685246751
780323774
219037389
574425965
1438200490
1907188445
775279993
1347556002
1011184352
1937305353
144012057
196571830
952897724
1566491589
2022107750
1636240475
1765563490
2044025831
646240558
1540255427
1305080651
92530899
388659065
1695134928
1614673794
71608619
935217213
762886498
1355999296
1183705908
256689948
2040792860
2144271783
1852776574
1102997718
1003805522
327877422
192793352
1872527388
194963331
1836142442
706015304
1152064653
1038061619
544482305
686280268
177796239
1071635896
39156683
976375199
1015422866
159566153
1768742015
1778404331
964192171
266217735
1113035444
56658291
920641216
597240677
485492261
1378055674
370580023
635870261
1192849155
1455903340
938761462
201537325
656109956
2058986794
839559000
1500552210
1880526749
1496237544
230895638
160037737
1104719715
2028121690
1780798646
403255083
49790049
1450214860
1969242217
35973555
1164634078
1838990188
1323442092
1603108265
1110774593
713241180
190794706
493538771
1324279483
644753273
165776549
920168884
1248691341
1545169703
147455150
82577412
604127522
268579238
627072
1949264516
1425685427
2019922010
1407730294
895712259
375571543
776484668
119692257
1623069807
1596962055
890638179
994854863
218006899
434849711
632242036
342813696
2118647418
680803419
470191917
1923211706
1642771745
2014952383
1635071538
1446592154
1211964591
606489142
1305620932
583099078
1178322685
2122657808
1511435092
105530881
1983508192
1433530563
729136648
1057953154
2001545765
1795825747
1708154891
1397859941
360930207
1660169921
220836776
751952216
119631717
605574027
957668656
147167127
1684225792
800935037
887667463
458154932
1481067629
820688226
19549701
6826716
919982521
263972047
2024462874
416620250
1339852530
387949268
502994984
1341061496
1379688007
2035396990
1650197867
124249664
909997964
2104730661
857586043
1685869684
512540470
710771173
1627059997
2088092328
389997422
566580910
582863572
1515140637
107599933
250843157
410540638
91545055
999448133
107684497
1672110305
1186891493
109725868
1621694350
2101976373
1810907861
1790174543
1217649731
1667356654
749174075
672056164
1631448775
688356529
713776514
598218656
1889999785
1795763718
665633488
1059715593
1558086980
352281342
180100215
1139854882
1986870534
2109837735
792832881
6201332
1146571868
1062620945
996214163
1588925529
1112215458
1307539118
609796475
1057391841
1157492762
2073976408
1514414799
793342549
2129740467
290600673
747697833
1630660634
326972624
18238895
1598430391
1946641214
285521653
1283954573
1508823355
1307223709
1751168353
623126736
1760789180
1259092600
265470662
1441881415
1495469157
201517211
318053958
446074723
312457784
880458773
1708269981
1184693924
1829889331
836677430
314645454
1141406464
147021797
1389148129
2117877566
626802737
1266312224
1346606998
93659653
32274720
1275339996
605032065
438847910
1257979572
886161889
923776478
1751981583
1406181464
634330213
1079066183
365938766
2087158801
1880078309
401757405
648119667
910185685
964790214
1727591848
1657281896
1073924482
1996199586
2136908468
504109248
741143721
997366247
1624648494
212667053
882371163
1637554006
219758890
1963275037
677310704
1897673028
1910939999
1550622308
1595074211
1373898776
1372555688
274112142
650347779
1850842070
802043695
193529646
1362518764
1234738587
1116950748
1436663209
1839910442
1757765541
1980399455
724595332
2041466434
580128119
637538653
1316226088
582813269
669698116
654441685
1937643508
1532415848
541778865
346720775
1212931114
1818455674
1944732461
417364687
966703307
1668691194
1703951385
1616494950
615006453
574662560
1119685361
152663666
1722759944
2051849954
1149773352
1182871358
1262793627
191605688
1238811363
848620276
1322079005
168541526
146497089
1160315361
121273920
288792437
421446439
849232467
873754907
705543763
1816809654
49878085
782352265
2099630921
1045601743
569811200
1187256427
1948204312
786705975
110507246
1869412514
1530367188
469688597
2053847054
355294700
1433484240
2098069634
574854898
57342833
1688320375
899114814
1727738606
1976359955
1552195536
119029796
1226506015
191066552
767487199
1370569711
1255535055
603353963
152275007
1633019072
1310534444
1560116676
105643662
1731534812
1354684787
565589615
1102037683
2048366453
584630514
1147363773
1487266398
1924183753
800096498
1826728019
1391597821
340178070
771354176
1938342740
399506190
1466654808
1250057790
888757929
1605747818
376585277
634442830
824336455
1205792388
2096972024
1454676451
1793274509
1779170765
960746527
337337496
274467192
175222188
759233679
92612479
1759774125
1378932391
73177113
1527092107
1259977052
98069897
1140801630
718994994
258382489
422558389
210423294
1826219296
1431424948
1847287342
1187272315
67750281
512639857
233684835
1940915129
683975173
90770220
861698170
2078911469
706122793
811148629
748816447
1103853309
351337930
1504043907
435936112
1711514467
2027678951
782135214
599138411
168452894
804342712
178402719
527327021
120230778
2084057666
1298909892
1607283089
410081210
959873247
692506065
1735551362
141363933
786708349
150407064
303272129
1115977772
116241106
1601633419
2092841635
754705232
1292415042
1970005136
2120934953
472698518
1101981773
1108687083
2135682609
1375933505
1210507639
1889300642
782685552
1258734589
690830726
1495416200
1458952559
647377667
1324293567
881463061
1407469221
802825642
450810993
458052735
1910926297
1320332794
884744307
720795921
461791520
324176382
266439835
550902850
1222197733
796214976
1014497175
1781346692
1024329617
1678958567
321513989
616757271
2083373275
533768590
1009498611
1522343777
911689681
472647222
239849901
330480688
996212074
1553815706
1579423222
320731587
351828739
1163136182
286172233
1480834398
1195742103
685556495
898245310
2146370407
617128143
1874168038
1999564117
702522516
430835206
1879933205
110478124
1379959060
148533820
1031914926
316228110
1971302092
296554328
2026529656
793286972
1195657828
1416630217
152862830
775141998
1175757684
1962358941
312870761
1378912271
1882503920
366812189
1734393633
10765453
546342223
1881151036
1251210918
942027402
1405099730
1780979698
1298712400
435518692
1138387468
946363553
1268345589
1161634201
812181330
925552978
1544846025
1149849945
322686262
991796759
360060499
2075373094
1366196284
765791464
787638977
759086331
1911101937
2124830627
1522782026
1834889683
1125731261
834373557
248157589
371355849
790275961
2129203479
2002861592
288610019
1650514407
1149370150
848706285
620148621
1099734256
1989374510
1244489427
1790561456
1278045581
980642573
1870217333
24574592
708307520
1022633319
1086565492
1852773603
1053064121
1435946720
535298054
945396295
44025912
1209128416
183536151
905572765
744855066
1096915899
1865888645
286759374
611494950
1686373755
394527179
1536279164
1048021467
435923175
1494082308
515066185
210790238
1550996163
1436004255
1502288799
1002607014
1659389936
2144014410
1822075857
512122379
126366677
2130897103
402829102
1480261970
164879295
872406435
1664094976
1764726751
865855340
1081507308
591737348
332838579
1970580465
1053071221
1555276420
359839656
511148440
937243080
451894815
1493979913
941597067
614910326
1106539718
404657406
2143796240
302776314
1372749655
1386631864
629201004
771796400
780866920
757757623
1054343051
1456086760
1874017755
1621241383
931410945
1215449632
1197514760
413831636
1716257266
135523158
1405050686
956697190
999607241
634329006
1058780134
868213096
2053606754
611539894
294263916
38797171
1376507956
127887361
1919229327
1282920949
1316573963
2134581100
42740918
1087070728
1754340467
249755559
1458633875
1733706620
1349039844
180313082
422543257
2103583417
903208958
1818540110
1216364666
1544105669
1591588535
772200713
1133704570
1697791806
1171665753
1908751328
1272850810
1718955903
394358630
850959768
1987215403
1463600077
1448801401
1835556921
1602582092
857319570
1502225267
2082308337
1962708447
1892050809
1907585734
1010065275
308847390
330108931
1190543116
1353011513
360160908
1615463510
459463549
2000157078
2078483455
2102426083
779249243
1486747695
1796277020
702765614
221615998
963434488
416741436
1229141985
1544141402
44669419
1287132330
1230294079
1580032437
1969873504
2056079576
1370069955
1446070551
1035317558
1669689312
1299451435
2119061702
1201223666
472389015
195132146
378448853
1890793604
105094122
1085350620
761772722
1964118887
1974995772
99208325
947008203
1365559904
807571039
749803433
512257835
255492022
1234603401
992363293
1291862849
1279231973
1592980094
537812709
259529940
380414523
568070942
2003511279
470481193
342622497
1052649472
909391918
508850127
964202135
433682683
345355263
1885091047
898982738
1655420921
2008772362
846673647
817340107
1729772137
1794177120
1916968313
1936764297
1787902100
1679405876
1396985411
695090026
67027302
1246433686
107984117
265372704
1942984956
1111819210
1090249923
1499979657
847563066
733419711
28948997
1214488357
73751364
441110429
629430759
338321391
1778404928
974225950
1400216922
1320004228
1804986486
1053872680
2140495951
669393913
1984152805
1530123019
660907508
1087064672
1652557275
1124114274
1574960459
477001491
407604986
144165772
632576188
1663939066
1291831028
744416426
167144360
286648244
891216687
2127904231
1641236926
1989053214
139434849
576848266
1347624104
8291019
1908202925
645776177
177854901
2057568130
618393269
1662304250
1732765927
571198122
874934364
1201324739
