1000
3359984
4433801
9302836
12637618
13516466
14228168
24037313
24478440
35107974
38511375
52840461
53005978
59625550
88373912
104130038
109824790
117829257
118234053
120555654
126459827
129747435
129955981
144662605
149258457
161213405
161733118
166116917
168062459
169642185
179303668
182434841
184355583
184365828
186202915
189449660
190543092
198282919
206958712
206988505
224380539
225186593
228788173
245662536
249811733
250331878
250517418
255036675
255266646
268193955
268367149
271226833
272218383
273186559
273546818
277875626
279664647
325359146
325987103
333811212
338801653
341032783
349821129
349910496
354146850
363132802
368034950
368359287
373829662
374527704
374852566
376399865
382862757
385428564
385585057
387685400
392913831
393053047
407409073
407479714
411534805
412551771
412959849
417476490
425218555
432869072
433349422
434077919
436935176
437523788
447410011
458355811
462765759
468526253
477590131
478297588
478755059
481687941
484732525
489787874
493354447
497028571
498144586
503473141
505519363
506416318
511881598
515349117
517274857
525616789
528598351
530234408
531069148
537720270
538203973
538851001
539048744
545635774
559629567
559979367
562273688
562682503
570276138
574434718
584512070
590424955
606408109
607527278
610720694
614087441
615178848
625793709
628718726
634456624
636676266
637191335
638460334
654941667
671061068
678107101
684752608
685301254
686101776
698067825
698292681
701947279
712702041
715584143
716270795
718066907
722771214
731014543
732271174
735364664
737133504
737355296
742516504
745280928
750172528
761847729
762134759
765862388
771591775
778925395
780311295
782554290
787511607
787891935
788670943
794440234
795276478
799687978
802102798
808757285
808961504
810501290
817801560
818626409
824486617
824718543
826262504
843516820
844176482
844192044
844650961
844882537
847823107
849489860
853391314
860159922
861363565
867010799
868101878
869139126
869139126
869139126
869139126
869139126
869139126
869139126
869139126
869139126
869139126
869139126
869139126
869139126
869139126
869139126
869139126
869139126
869139126
869139126
869139126
869139126
869139126
869139126
869139126
869139126
869139126
869139126
869139126
869139126
869139126
869139126
869139126
869139126
869139126
869139126
869139126
869139126
869139126
869139126
869139126
869139126
869139126
869139126
869139126
869139126
869139126
869139126
869139126
869139126
869139126
869139126
869139126
869139126
869139126
869139126
869139126
869139126
869139126
869139126
869139126
869139126
869139126
869139126
869139126
869139126
869139126
869139126
869139126
869139126
869139126
869139126
869139126
869139126
869139126
869139126
869139126
869139126
869139126
869139126
869139126
869139126
869139126
869139126
869139126
869139126
869139126
869139126
869139126
869139126
869139126
869139126
869139126
869139126
869139126
869139126
869139126
869139126
869139126
869139126
869139126
869139126
869139126
869139126
869139126
869139126
869139126
869139126
869139126
869139126
869139126
869139126
869139126
869139126
869139126
869139126
869139126
869139126
869139126
869139126
869139126
869139126
869139126
869139126
869139126
869139126
869139126
869139126
869139126
869139126
869139126
869139126
869139126
869139126
869139126
869139126
869139126
869139126
869139126
869139126
869139126
869139126
869139126
869139126
869139126
869139126
869139126
869139126
869139126
869139126
869139126
869139126
869139126
869139126
869139126
869139126
869139126
869139126
869139126
869139126
869139126
869139126
869139126
869139126
869139126
869139126
869139126
869139126
869139126
869139126
869139126
869139126
869139126
869139126
869139126
869139126
869139126
869139126
869139126
869139126
869139126
869139126
869139126
869139126
869139126
869139126
869139126
869139126
869139126
869139126
869139126
869139126
869139126
869139126
869139126
869139126
869139126
869139126
869139126
869139126
869139126
869139126
869139126
869139126
869139126
869139126
869139126
869139126
869139126
869139126
869139126
869139126
869139126
869139126
869139126
869139126
869139126
869139126
869139126
869139126
869139126
869139126
869139126
869139126
869139126
869139126
869139126
869139126
869139126
869139126
869139126
869139126
869139126
869139126
869139126
869139126
869139126
869139126
869139126
869139126
869139126
869139126
869139126
869139126
869139126
869139126
869139126
869139126
869139126
869139126
869139126
869139126
869139126
869139126
869139126
869139126
869139126
869139126
869139126
869139126
869139126
869139126
869139126
869139126
869139126
869139126
869139126
869139126
869139126
869139126
869139126
869139126
869139126
869139126
869139126
869139126
869139126
869139126
869139126
869139126
869139126
869139126
869139126
869139126
869139126
869139126
869139126
869139126
869139126
869139126
869139126
869139126
869139126
869139126
869139126
869139126
869139126
869139126
869139126
869139126
869139126
877345590
883539715
888139797
891216750
892621310
895478120
903377117
903491796
904791764
906163182
907736738
913350487
914268201
917306511
923469717
924610828
929773650
944513880
948753012
963620420
969238340
970417870
986340685
994283950
995947950
999417884
999615408
1000480551
1001621602
1010917216
1011247086
1011633287
1015274447
1019875158
1034194971
1035271970
1039101952
1043110278
1046064743
1047915075
1056172213
1065138206
1070913806
1077277889
1087195796
1101797657
1123587184
1135480786
1136621893
1136792757
1137010500
1137754120
1138235460
1139437532
1146423275
1152991423
1157142958
1158703544
1161150066
1166151887
1170484050
1173953898
1178473833
1178881816
1181794857
1185094463
1186688577
1186873767
1187622554
1190576162
1200097802
1205292908
1205827416
1222456133
1239764503
1240768201
1247095481
1250328084
1251179439
1256084642
1260233774
1263767126
1265258973
1265465727
1270946519
1274984396
1297812366
1299880015
1303519666
1304159112
1306093417
1312580030
1316375382
1320876282
1321574022
1322913939
1324621678
1325317885
1330718092
1334287339
1337115586
1343064599
1359687132
1360090343
1361650362
1364643226
1375221830
1378296206
1385617571
1386673018
1389138907
1394216913
1397172987
1399239348
1403183320
1409110921
1409584374
1409650932
1411011418
1414920025
1424800896
1425982494
1429212535
1429996019
1431853663
1441132612
1447639893
1447819692
1448286266
1453597756
1465403726
1468922113
1472281839
1472848489
1474436944
1484272386
1485883060
1487447804
1488508275
1494074604
1498720098
1500245182
1502135550
1504449409
1509670766
1520817852
1524941837
1527912356
1530572707
1536818968
1548985506
1549083297
1555631531
1558355045
1561764699
1565461759
1569890000
1573703508
1573890459
1577540111
1579002287
1579048091
1580542226
1581899480
1582081475
1583055612
1585312161
1606423805
1607232026
1614719978
1618144709
1624555648
1625923456
1626197604
1626768776
1627611161
1629502493
1632771694
1634330180
1636701839
1641444788
1645431885
1646809686
1649199740
1659249860
1660891276
1665825726
1671891702
1680402681
1681700771
1685461127
1697959086
1699349016
1700196211
1702718645
1703380715
1706217362
1708874696
1710026305
1710898697
1710942878
1717410130
1723208418
1733942068
1740043853
1741676263
1742517895
1746773201
1748924284
1749816682
1750906394
1767617564
1768124295
1774343415
1774533126
1776362783
1780973264
1782177929
1784094102
1784131533
1788750505
1792864507
1793883136
1795239018
1797160892
1807798166
1811927592
1813190640
1813242388
1820515262
1820864314
1822325772
1833894708
1835657066
1835658727
1836011630
1839893456
1843032247
1845684269
1854473308
1855748551
1863242356
1863358844
1866903768
1871490130
1873813381
1875394593
1885026464
1886365546
1893624116
1897769545
1897898716
1908415635
1909001259
1915734717
1921303403
1925791771
1937240725
1947048320
1947962639
1950054647
1954221529
1959288633
1960055314
1961019904
1962534951
1962883412
1965052222
1966665955
1970160316
1973120996
1974793799
1979658645
1989633229
1992463761
1995289614
1995381097
2002630408
2033222939
2034162459
2048316818
2052019732
2056251260
2058711426
2061343187
2061860008
2069787186
2073309500
2078058997
2079779042
2081703532
2086739479
2089120948
2091182948
2096518686
2101057344
2102892900
2108079296
2110027994
2113082875
2115110279
2119297363
2128963072
2129722426
2133802526
2134041436
2134287796
2134869233
1279806730
515502758
1105821708
1221965218
1183302665
2069319435
554080880
948256768
875355389
1835040973
1520978644
1590219467
1384594954
754592986
1553380167
701770190
671394006
1239977504
1120599240
479842490
911634945
1700182917
556879037
732241233
1697105721
378053393
1686748325
247474228
1771009404
1231705608
1681280223
686880735
1679910520
1288602531
170158522
1553545097
1326265053
1803973558
1209460960
1477635865
1125089147
779781794
1847397764
895651222
1497206331
1480913218
372986196
274230579
493434791
1724171270
2202272
506363505
2121219121
953742800
737298392
793431154
1471441055
88132533
1627249348
975547291
2133158639
1905242655
284642168
1534835707
410159785
132999625
1941704495
1065947653
1073620697
1185452385
1692441476
1442982617
676018348
1651882206
515647826
1396495937
1058435096
1511610371
903961387
1579712431
886499956
163217606
861686823
1888202440
1652557361
1125559676
98028109
438470714
1360897341
1900769637
268556287
1762373262
2112955010
1645266278
990895574
246229733
182134762
974747959
1583687597
1125121861
1329605992
2120560509
621869151
2099394555
1367965675
439174943
311972262
1310225107
656057011
1169140179
263618403
375735460
1383954040
720169623
673019269
638485334
47224479
1280352810
1103534730
1439431618
1123920271
461835685
1066457537
1053306497
1214592858
1830099671
76894516
1728458565
1191808986
1153652133
1949034215
1849983814
1409720632
2135068320
1788996517
745919572
1808199065
1360596758
1143838450
219221206
1516354637
1183945110
2129474315
112351303
650223808
1914745120
1078781545
2024478841
684977619
1906494613
1998947451
1075635289
684961777
1640238119
234489494
432433413
823710843
1428549739
768289913
1976882027
1736725052
540218940
2046348711
1032179072
460762638
211625784
561632256
1162698027
1512035736
1610620001
658986372
1010786625
1695158605
2012613133
974002434
1938550804
1748954191
2064411648
1820767004
2136550125
923889388
1502176306
1259420810
1486728838
1479347421
1973923428
1403675540
1466938485
1722849835
1415164344
1285739083
1436311867
229872742
148093841
79638814
607234817
953278775
1528364805
1175375868
1987628370
