5000
248123
1236624
1364850
1368536
1785080
2307166
2313649
2337667
2574543
3355801
3376423
3408935
3524621
3647828
4375695
4459796
4740851
4878764
5780377
6680343
7310451
7479761
7512462
7964257
8933250
8942960
9018278
9159703
11176712
11196187
11842066
12014463
13999744
14764908
15715995
16637057
17030978
17346765
17563200
17886221
17913611
17963060
18081675
18219405
18906513
19102859
19399494
19463991
20098532
21147577
23238801
23301130
23845068
23996971
25419269
25540277
25576301
25649986
26075153
27140547
27534057
27638348
27804522
28035379
28301988
28539313
29182231
29748708
30532978
31597063
32027350
32373067
32375824
34032667
34722913
36500646
38316156
38746978
39924332
39992123
40881962
40917044
40924912
42191628
42413454
42683434
43297335
44548527
44550953
44695653
44991119
45324650
46464353
46603372
46870253
46927764
47874970
48767085
48846355
49005349
49527891
49706273
49929870
50009347
51006326
51107640
51371487
52488765
52509294
53622939
54177468
54628524
55028672
55375383
56326253
57510618
58218485
58485585
61662125
62157420
62340789
62747180
63161429
63435909
63616823
63679519
63697535
64114211
64756825
66610790
66960613
67139778
67224398
67444167
67718586
68906743
68959103
69372411
69560167
69857514
70287951
71059980
71225643
71398603
71958010
72682011
72800465
73157922
74019630
75894947
76773117
77506089
77956404
78115504
78802957
79480728
80104639
80296692
80605122
83268956
84338463
84470990
84965191
85607191
85699264
85769209
86090765
86140153
88028971
90217410
90541323
91587917
91739275
92322266
92829413
93213522
93225641
93470251
93737651
94776032
95276640
95401982
95662335
96187109
96436852
96675909
97767062
99800166
100091297
101274693
102005809
102258395
102378006
102657777
103622540
103885278
104352235
104409685
105542157
106843513
108375853
108524445
109659510
110152447
111179214
111276422
111592709
111830282
112155915
112515658
113219863
115663777
115997207
116258793
116944052
119428145
119604258
120779470
120849519
120937140
121833316
122674760
123952499
124127750
124469374
124586225
125483479
125591663
125865964
126262858
126718365
126989264
127472478
127642667
128221054
128710170
129078721
130476887
130614191
130831979
130866606
130980442
131106166
131477984
131580946
131732503
132058343
132915449
133342610
133370326
134054199
135258907
135335156
136703901
137096885
137196092
137340621
137486362
137602357
137637508
137999161
138203394
138226832
138351429
139187480
139943488
141083800
141377595
141578779
141636603
142105006
142785797
142844677
142850663
143205415
143409944
144070614
145249678
146388434
146787389
148025226
148122910
148484456
149006307
150702184
151248477
151814241
152864353
153018775
153558964
153623395
153976310
154277575
155155943
156054038
156661655
157476933
157564155
157687104
157864653
158326609
158432483
158554328
158879682
159008158
159716743
160146231
160415647
160498168
160555088
160674379
160835469
161649058
162047535
162710505
162726727
163033045
163406895
163563143
164081655
166640223
166646732
167799054
168041355
168916473
170165303
170254070
170341631
171243480
171890199
172330505
174179552
174372237
174636500
175879768
176019504
177366243
177383583
177676541
177800853
178397087
179197019
179245281
180607009
180657847
182418586
182659942
182998897
183076433
183110140
183420185
184014145
184182560
185063138
185211481
186119856
186896605
188056829
188161000
188319441
188327092
188723667
188729018
190228629
190558677
191140599
191240033
191547724
191866212
192662738
193004485
193006663
193816240
195257892
196455941
197177802
197484363
197605314
197968805
197979337
198095010
198543910
198810832
199547166
200100716
200201230
200657263
200762948
200918207
201273015
201556326
201651095
202254178
203063444
204762962
204837402
205580675
205787806
206525777
207231781
207412202
207507479
208428897
208626183
208934455
209017299
209100934
209121816
209385421
210390200
210513103
210686833
211812324
212025927
212648949
212733845
213315576
213586607
213602915
213647631
213759000
214109837
214396233
214439768
214968428
215048181
215106930
215140529
215726199
216444017
217238263
217550519
217583906
217585035
217832957
218835030
221601246
222141683
222312588
222587818
223220790
225087137
225147282
225172536
225836157
226676241
227008399
228221806
228359360
230032638
230093231
230168005
230458285
230754354
230793097
230987243
231158213
231930444
232211398
232227640
233824980
234060230
234624767
234958723
237970242
239030990
240012004
240729054
240923607
241583018
242238665
243403395
243499661
244927474
245068828
245553882
245578081
246453815
247225189
248257358
248685258
248795018
248865369
248966350
249390946
249514045
249690887
251493289
251903790
251998543
252098130
252336530
252682517
253248944
254158176
254357654
255018937
255170317
256712571
257238136
258106049
259413090
259891694
261759651
263078830
264058864
264312643
264610415
265121239
265266861
266281943
266311585
267581943
267984330
268115846
268582107
268772466
268904351
269611004
271828140
273533974
274212952
274795504
275930855
276513369
277052544
277269391
277271445
277287797
277548428
278168468
278176800
278276808
278507365
281026805
282885723
283312256
285929273
286786323
287144065
287695740
287812738
289442495
289944457
290036558
290823511
291490149
291586200
291635889
292171968
292996164
293044348
295532603
295851840
296049787
296108290
297785572
297975356
299145243
300990696
301161649
301630905
302229583
303377085
304176128
304196792
304273348
304715021
305087694
305802000
306266155
306592691
307696640
309201835
309278663
310081145
310414544
311073125
312278761
313291709
313302934
313581806
313648875
313775448
313911653
314122956
314280494
314333392
314357604
314549638
314986945
315808105
316806504
317324364
318099900
318872582
319436196
319610982
319860867
320049063
320149038
320671261
320705864
320989737
321293498
321297069
323521445
324058437
324225980
324312634
324831608
324840001
326391004
326620315
327760000
328003456
329167559
330057680
330474954
331375851
331526727
331880797
333416334
333452471
333772734
333932910
335976241
335991301
336090766
336490189
336718639
337908830
338576890
340312811
340829648
341606714
341949362
342047451
343057173
343744214
344236222
344378228
344505608
345164499
345217492
346021079
346648713
346970514
346976908
347177922
347206817
347267086
348070596
348398065
348618873
348642558
349283335
349592028
350425215
351257440
351372837
351867040
351867563
352516150
352815928
353083452
353304766
353380739
353573393
353754201
354028235
354310430
355074729
356959659
357020378
357261967
357930712
358990754
359144804
359401592
359652565
360307406
361304245
362249121
362400025
363377564
363536103
364161507
364682776
364980809
366033031
366765445
367123236
368327413
369747924
370193073
370311378
370509927
370690314
371208397
371691571
371966356
372070279
372101167
372153003
372183328
372493228
373425426
373463712
373480312
374307272
375783540
376260653
376498485
377265441
378032123
378496418
379068499
379744833
381165271
381259919
381633952
381936001
382592013
383069347
385215533
385894001
386011170
386389877
386490034
386672189
386939757
388013753
388347502
388438596
389061645
390383242
392784719
392801718
393007962
394477481
395421909
395588495
396927538
397634201
397795488
398256980
399679575
400050893
401227031
401286341
401289441
402026614
402170983
403221426
403486493
403552273
404162378
404242449
404333542
404651315
404881320
405405658
406240179
406828715
407018166
408039882
408201927
408280865
408943552
409645878
410099013
410228573
410855259
411442139
412154759
413732060
414326836
415519603
415721040
416552469
416867020
417345929
417443808
418959183
419651425
419722859
419821222
420178330
420320058
420758699
420764902
420813525
421948112
422474075
422594099
422739499
423864410
424264124
424881138
425378577
425622340
425725514
425991710
426134406
426349497
426645182
426680031
427786267
429347545
429796414
430426474
431621867
431933705
432178445
432669997
433050218
433393997
433709137
434702038
434754319
434805844
435407566
436259358
436532272
436730329
438326814
438394760
439041825
439351336
439884987
439982035
440781586
441076169
441630974
442395206
443657172
444186274
444324514
444543704
445088286
445752918
445859345
446142889
446412078
446823896
447173578
448254042
449375597
449500636
449603962
450077903
451037912
451792514
452400030
452571795
452856861
452927697
452934243
453743548
454297281
454701998
455452118
456093756
457597560
457648278
457963158
458590334
458803550
459533844
460182078
460259946
460904737
460937646
460944316
461081380
461422790
461469220
462442154
462663875
464899871
465647973
465879375
465939243
466312532
466392606
466415011
467580377
467677952
469256306
473191244
473881653
474097946
474226279
474848861
474858651
474881474
475597344
476687762
477489844
478536743
478583640
479422186
480884101
481111421
482486331
482681795
482867420
483217859
483238327
483358449
484991765
485602458
485797744
486471612
486720103
487461825
488263557
488399504
489696816
489841344
490250351
491026384
491054374
491579701
492334988
493515112
493674688
494332011
494484229
496080415
496449331
497218478
497714080
497792479
497991468
498064937
498138704
498613912
499134895
500336220
500423051
501180752
501514376
501691468
501760317
502151326
502589838
503889329
504420903
504625465
505010837
505320135
506006885
506052048
506415444
508073196
508613861
508819080
508853577
509195176
510551881
510595917
511874448
512327954
512665027
512949036
513741951
513964701
514032124
515877986
516674864
516763396
516770341
517672943
518643622
518777260
518961778
519207317
519452912
519490694
519709621
520130811
520955216
521582953
521963785
522537576
522702270
523513343
523656349
524423426
525057133
526057599
526198521
526749466
526958463
527861867
527927433
528527419
529004146
529309622
529838763
529855083
529975228
530070668
530446746
530525392
530898506
531144959
531517289
531748842
531946646
532745595
532752680
532914205
533208849
535475800
535609351
535706593
535739152
535788225
537809179
537911802
538794430
539371710
539432473
539559698
539884845
541404982
542734912
542888747
543204154
543317384
544881006
545649859
546406971
546668521
546725778
546881068
547779992
547812621
547913566
550660309
551463857
552672067
553609669
555182830
555477150
555478599
558483077
559283194
559731621
560263605
561096298
561555915
561568526
561618181
561745987
561978816
562149854
562162246
562190229
562315373
562606892
563364847
564000220
564150414
564407471
566372585
566822676
567783672
568041036
568201497
568505875
568782928
569279956
569382213
570165256
571214827
571421112
571473847
572110011
574852552
574952529
574989724
576062095
577754981
577994268
578097235
578577445
578851991
579112257
579794694
579866338
580383429
580924478
581174616
582166562
582422642
583054356
583395249
584114797
584388238
585037140
585769022
585982874
586960529
588431099
589439406
590658735
590678640
591226557
591783791
592203721
592426543
592806206
593069378
593121959
593255916
593597283
593765704
593938145
594160091
594582172
594925690
595215894
596752400
596878249
597546200
597585508
597593278
598478808
599025594
599086009
599202115
599286458
599890927
602573911
604749548
606304750
607020591
607123216
607375157
608606709
608626538
609192268
609553010
609886644
610444698
610755828
610919933
611621110
611997624
612202494
613713038
614508784
614830050
616248689
616716724
617950344
619484871
620413344
620980277
621202837
621561305
621935331
621943868
622026713
622186291
623377032
624211076
624322195
624928808
625311557
625724289
626969058
627453940
628192874
629335551
629660160
629707986
629719277
629825809
629860508
630228944
630483564
630608954
631737495
632173705
633283915
633566529
634463623
634545646
634549809
635184830
636220052
637205671
637405748
639284412
639545193
639781337
639809139
639825069
639933495
640474942
641094745
642011670
642589365
643298957
643745395
645351431
645434806
645747908
645749213
645802261
646369407
648286955
648420377
648759217
649954144
650586021
650854987
651437601
654118444
654510158
654889797
654905741
656034538
656313449
656649078
656717025
657202596
657841193
657923373
657938737
658138755
658172304
659637714
660156985
660398984
660514716
660619405
660786543
661112335
661247084
661569344
662075543
662297792
663744129
664210519
664491827
664735436
665136658
665282918
665629090
667000158
668647465
668774954
669616638
669880974
669927165
670438419
670528334
671439535
672574825
673056071
673646883
673804873
675289839
676523273
676740889
677560312
677681225
679037306
679232881
680405516
681506241
681962169
682383874
682466133
682947726
683415837
684073644
684282675
684391817
685815368
685846729
685881771
687145693
687739571
687982266
688226888
688264106
688567443
689090202
689124859
689704236
690624726
690746398
690915990
691855983
692682395
692799067
693163881
693697104
695234555
695424678
696271232
696338763
696586642
697027009
697096198
697215585
699499452
700103693
700567256
701004878
701859048
702032789
702304638
702708286
703251013
703951977
704272237
705550465
706938128
707091078
707700377
707735847
709664520
709879545
710587312
711065907
711281285
711633494
712701808
712992959
713782393
713960391
714197214
714284777
714455786
715072543
715202955
715497624
715794661
716012783
716483079
716483456
718725150
719137771
719151748
719681557
719910548
720058406
721613505
721778327
721967806
722683679
722828390
723495622
723554637
723827726
724017067
724512833
725133377
726181340
726945009
727001254
727225777
727370726
727790955
728053950
728613070
728720156
728937445
728961654
730298480
731126571
731249543
732249354
732489617
732738414
732944809
734145140
734305477
734578612
735574575
736080291
738509640
738888093
739426551
739578526
740812047
741219618
741328452
741434585
742196942
743815195
744021322
744786509
745160487
745203227
745463320
745504797
745509171
746037386
747801164
747841328
748142704
748323838
749415499
749695085
750023228
750889495
750971306
751935387
752106148
753141846
753143479
753599086
753662881
753805939
754733078
756384167
756730812
756954858
757647524
757830457
758636538
759415425
762122888
762207204
762376410
763107409
763383684
763596329
763721792
764146289
766195727
766245890
766300731
766411216
766716488
769375909
770180187
770270152
770649181
771380310
772047593
772141311
773673454
773776326
773803991
773867135
773883179
774767411
775799628
776261103
776273761
776637045
777882901
778000327
779484992
780042622
780068156
780215479
780339990
780694726
780774378
780964601
781139410
781203617
781645391
781976915
782566705
782746612
783180220
783350627
785436332
785550146
785790041
785988534
786377641
786390304
786695174
788189991
788295986
788319453
789270855
789921244
789928105
789967641
791224700
791327450
791436468
791467927
791904420
792601258
792858653
793046541
793293067
793349182
793733578
793881927
794863560
794937225
795512552
796930798
797813897
797875516
799008178
799179587
799225782
799607613
799673178
799839510
799899315
800210635
800274265
800739059
801720340
802097774
802332316
802544799
802983128
803447245
804524060
804895603
805106968
806984079
807998117
809536432
810039183
810108669
810601264
812609517
812891933
813195915
813346523
813502400
813836135
814049412
814276874
814411759
814702732
814819627
815611788
815879099
816320856
816515062
817399884
818528104
819965235
820562641
820573202
821052892
821387978
821566662
821578644
821873584
821887025
823083580
823233334
824311141
824326458
826404146
826845521
826910010
827111277
827268252
827424307
827618155
828174640
829082078
829616699
830309892
831247743
831855046
832244961
832522844
832613286
832940070
833430961
833466116
833642930
834219837
834542221
834572280
835622442
836615806
836915674
836963773
837378910
838736646
839484901
840127601
840411671
840834242
840989052
841661588
844003953
844384716
845173327
845647910
846674247
847015526
847048226
847774591
847964894
848112296
848573107
849937522
851441524
851787368
851901784
852945850
853411482
853804759
854310064
854516310
854568796
854645487
857102948
858252911
859077435
859345290
860231144
861764515
862499372
864209617
864303074
864511302
864671600
864687242
865989214
866122037
866535754
866619336
866622801
868304332
868514804
868955310
869216152
869945602
870051302
870323778
870787541
871005983
874188173
874991057
877748036
878245374
878889364
879030774
879127304
879789214
880100414
880624508
880907168
881269942
881302610
881456079
881804257
881809534
882043898
882883445
883265532
884320893
884640265
885633687
885644182
887230318
887480492
888462516
889055083
889329552
891549534
891696160
892089269
892476123
892656794
893066970
893110610
893576951
894286288
894739104
894790676
894828101
896286103
897293451
897799285
898319654
898340842
898757627
899016010
899020548
899462445
899720873
899840736
899955757
900115105
900971882
900986336
901155313
901453103
901863976
902009495
902930850
902965663
903824391
904985409
905169744
905523920
905741589
905746142
906875142
907023140
907047750
907462162
907704554
907825915
909637845
910643107
910726911
911270040
912501167
912544827
912966539
913280301
914035330
916455308
917254900
917831811
917889365
919403934
919457894
919952971
921306832
921684300
921946819
922790581
923322499
924066929
925472266
925953103
926139502
926222761
926642670
926670228
926691297
926772128
927860469
928774904
929141669
929642225
930441096
930550308
931821280
933062672
933522000
934158031
935252719
935409790
935619932
935680870
935708821
936163575
937378241
937429877
937931487
938783395
939889498
940841543
940985572
940990522
941659407
941762022
943490515
943607798
943648107
944002752
944067521
944797034
947292553
947666219
948484289
948767225
949184795
949265104
949717166
950092426
950194548
951278797
951306580
953316696
953490961
953922216
954156527
954216233
954914906
954951815
956039940
956601935
956617838
957170206
957229880
957232075
957337925
958420816
958813153
960042697
960151409
961424028
961466179
962301805
962312350
963989040
964689194
965315712
966351897
966512536
966703969
966766374
967047669
967204268
967495171
967967141
968162084
968386675
968642153
969165031
969306678
969827763
970154155
971002324
972419931
972601189
973265530
973759764
973932945
974223615
974239118
974288394
974685257
975459763
976599750
979405626
979442761
980066616
980195271
980369790
980454638
980731866
980765243
981395183
981891264
982007523
982033214
982685077
983824582
984406986
984533486
985007387
985798407
986518292
986547756
986678568
986992512
987032512
987115594
987567032
987635416
988011965
988606579
989334171
989753885
990300024
990750265
991865624
992190221
992225239
992264651
993040833
993350060
993685606
993715045
993757352
994671986
994895367
995113952
995581286
995603612
995890822
996636263
998541158
998830317
999052563
999277948
999733854
999848052
1000100840
1001550385
1001982436
1002472578
1002705498
1002718441
1003127560
1003677289
1004319162
1004702980
1005501593
1005905544
1007298103
1007503782
1007557225
1008024666
1008087339
1008473013
1008831086
1009053186
1009182003
1009257136
1009393036
1009858909
1010960974
1011011903
1011936686
1012102588
1013246966
1013355907
1013802144
1013841325
1013932387
1014130357
1014172588
1014418610
1014668117
1014894987
1014959827
1015028217
1015053075
1015433651
1015530340
1015921295
1016325583
1016354265
1016671759
1017777442
1018156554
1018174524
1018615524
1018653734
1018900267
1019161031
1019349989
1019751085
1020617129
1020909898
1021618839
1021910987
1021967009
1022186285
1022928062
1022997925
1023666232
1024686450
1024741023
1024881029
1025196948
1025501473
1025706731
1026624111
1026914153
1027395345
1028068592
1031022151
1031590535
1032329872
1032350593
1033067005
1033702519
1034121496
1034189999
1034648649
1034716843
1034877316
1035509834
1035549561
1035648759
1035708105
1035834792
1036459789
1037086198
1037772809
1038124129
1038450818
1040669337
1040682344
1041300774
1042257116
1042529759
1042583645
1042863330
1043407778
1044135079
1044491966
1044678989
1044925604
1044949636
1045049191
1045627820
1045725280
1045852279
1046144556
1046488237
1046496094
1046789604
1046830554
1046846103
1047457886
1047800029
1050461257
1051942310
1052585993
1052839607
1054470163
1055911894
1056730293
1058082276
1058737910
1060028595
1061431009
1061656480
1062901700
1063197207
1063926954
1064018359
1064198168
1064256505
1064426793
1065106612
1065495118
1065673828
1065677946
1066163972
1067343574
1067607052
1067698678
1068495043
1068690247
1069642742
1070036682
1070562211
1070981918
1071383772
1071822963
1072158881
1072274116
1072607505
1072783382
1072899004
1073762504
1073910156
1074505745
1074932096
1076101168
1076151246
1076923584
1077456678
1077626329
1078219339
1078452505
1078454396
1078834908
1079300094
1079847963
1080495509
1080543538
1081224212
1081916924
1081981643
1082417343
1082653006
1083713663
1084412908
1084958099
1085156637
1086596739
1086687810
1087090079
1087194609
1087703515
1088380686
1088663644
1088845804
1088918926
1088933790
1089314154
1089853688
1090088484
1090864536
1090889729
1091115995
1091319058
1091454360
1092008585
1092017251
1092100422
1092362113
1092479173
1092524884
1092677744
1092885278
1095014263
1095322453
1095634451
1099492345
1100011646
1100033421
1100363626
1100626421
1100726421
1101016682
1101363399
1102129624
1102435399
1102525680
1102627596
1102934703
1103517498
1104015850
1105282748
1105723980
1106747468
1106855417
1107064038
1107725887
1108106524
1108953695
1109531111
1110752015
1110816569
1111226647
1111645272
1111681704
1113406080
1113786477
1114171120
1114454075
1114631643
1114957191
1114968417
1115327193
1117265809
1117604283
1117614539
1118431958
1118661893
1119072918
1119645674
1120530540
1121586434
1122269810
1123459161
1124085591
1124684977
1125210703
1125738338
1126072425
1126075956
1126233808
1127921882
1128731077
1129125766
1130236392
1130334240
1133171482
1134734832
1135088994
1135349797
1135421322
1135514522
1135549320
1136063301
1137042484
1137942734
1138118244
1138607681
1138690295
1139636277
1140615283
1141123385
1141697371
1142153404
1142628970
1142664314
1142794136
1143208942
1143962600
1144918705
1145556664
1145619724
1146663842
1146897421
1147098112
1147162312
1147402254
1147478323
1148275472
1149082809
1149183394
1149813394
1150283748
1150682128
1150971701
1151503554
1152029318
1152634948
1152666278
1152686112
1153963450
1154013844
1154198962
1154439720
1155695299
1156674172
1157975154
1158126746
1158291601
1159068835
1160253767
1161806086
1162678071
1164489508
1164753984
1165417187
1166085599
1166608064
1166723834
1167126877
1167197660
1168483241
1168667258
1169072627
1169538962
1169833969
1170215161
1170687356
1171162342
1171966500
1172749317
1173537151
1173804406
1174041253
1174466528
1175810469
1176353984
1176472339
1176635244
1177051208
1177131528
1178720709
1179503080
1179699894
1179956493
1180363707
1180739329
1180861723
1180930306
1181528616
1181598906
1181842551
1182299840
1182420488
1182698300
1183317016
1184043979
1184126351
1184791541
1185690144
1186438657
1186728698
1188155512
1188180299
1188611866
1188762955
1189802381
1191572099
1191664585
1191849933
1191942684
1192348626
1192410103
1193051380
1193189351
1195197815
1196032438
1196388254
1196428431
1197368390
1198302122
1198620949
1198902544
1199171989
1199624634
1200382669
1200836160
1201045826
1201353102
1201418058
1201489564
1201793448
1202376929
1202851873
1203110384
1204548970
1205932328
1206838204
1207355257
1207679527
1208687695
1208836198
1209903384
1210048602
1210383120
1211513631
1213918248
1214077145
1214657567
1214929508
1215834694
1216069308
1217003036
1217281130
1217798831
1217979885
1217995764
1218221917
1218312714
1218965412
1219459756
1219783532
1219861104
1220394127
1220473384
1220516762
1221670805
1222791151
1223481137
1223805155
1223971713
1224370938
1224406749
1225084415
1225616009
1226390542
1226472615
1226800853
1226932542
1226983772
1227219115
1227907923
1228407249
1228679443
1228979465
1229347636
1229551080
1229975400
1230783158
1230815077
1231182309
1231369144
1231451184
1231722879
1232275642
1233547209
1233799857
1234962485
1235515398
1236513319
1238121846
1239126022
1239825364
1241155455
1241264319
1242236533
1242880646
1245141984
1245211094
1245430319
1245499823
1246069809
1246343056
1246954806
1247057970
1247475690
1247656978
1247667884
1248357140
1248386368
1248625966
1250168060
1253230772
1253966423
1254769747
1255200566
1255682242
1256246678
1257016548
1257438840
1257454326
1257510755
1257755193
1258057521
1258395339
1258429141
1258550001
1258751423
1259088268
1259215589
1259512379
1259893100
1260099191
1260442880
1262275863
1263095338
1263208824
1263802449
1265024601
1265054646
1265561829
1265903876
1265950125
1266865107
1266917530
1268073480
1268217021
1268916493
1269556510
1269747741
1270008438
1270249546
1270861961
1271287944
1272033025
1273262475
1273442509
1273661636
1273755284
1273996439
1274227057
1274311430
1274540393
1274821809
1275755586
1276038055
1276630516
1277078573
1277103436
1277134706
1277324925
1277642312
1279159551
1279502519
1279526581
1279612819
1280831055
1281126895
1282330441
1282908953
1283701266
1284103311
1284533029
1285538252
1285753774
1286247255
1286943142
1287329049
1287911343
1288246767
1288812833
1288875676
1289119541
1289400048
1289658273
1290122747
1292019408
1295529671
1296493926
1297869215
1298096493
1298345931
1299413452
1299428371
1300083290
1300615077
1301894503
1302131816
1303141357
1303469159
1304929712
1306408905
1306639514
1306649855
1306941525
1307906800
1308643892
1309525572
1309593585
1309641931
1309789934
1311261708
1312121311
1313856511
1315480139
1316612783
1316716827
1317194030
1317269265
1317789370
1318023926
1319786409
1320781222
1320809192
1320881607
1321085711
1321494591
1322470937
1322524916
1323054603
1323213333
1323549317
1323734041
1324610634
1325450028
1325903217
1325942122
1325998616
1326157143
1327716005
1327769624
1328116378
1328540943
1329263435
1330210905
1330450734
1331522027
1332099534
1332204094
1332237256
1332295162
1333641411
1334149919
1334365431
1335031323
1336112546
1336603617
1339092648
1339128258
1339932382
1340046764
1340345336
1340499938
1341858226
1343187106
1343237620
1343485857
1344118389
1344450578
1344957810
1345504885
1345870300
1346332090
1346753599
1347945301
1349084558
1349220635
1349316982
1349731223
1349887876
1351392805
1351529333
1353040399
1353493261
1354405639
1354588961
1354620551
1354658764
1354728998
1355478903
1356374814
1357332659
1357926493
1358403064
1358484765
1359515011
1359635840
1359760267
1360972577
1361172521
1361851182
1362593483
1363629754
1363750558
1366272892
1366327316
1367001579
1367871214
1369260327
1370137965
1370398335
1371199479
1371265631
1372563859
1372884868
1372983307
1373018010
1374393733
1376462241
1376512591
1377058643
1378606184
1379660831
1380229760
1381284729
1382130500
1382390703
1382450401
1382617175
1384245642
1384659878
1386163465
1386649134
1387193846
1387224083
1387462153
1387830760
1388741687
1389104670
1389125564
1389817010
1390182629
1390876094
1391653569
1392319950
1392968568
1393489695
1394628643
1394998940
1395193830
1396541843
1396556172
1397120371
1398194678
1398310812
1398408682
1398860100
1399204921
1399380454
1399484848
1399692866
1400032636
1400151142
1401899846
1402784133
1403623436
1403886435
1403971436
1404390169
1404956312
1405587949
1405612673
1406341226
1406907908
1408200832
1408756707
1409458565
1409991330
1412759700
1414194818
1414508434
1415482647
1415643205
1415924889
1418176433
1418566345
1418731812
1419896154
1419960081
1421318987
1421797022
1422725791
1423332327
1423407907
1423612091
1424048281
1424284061
1424329195
1424582421
1424704306
1425041977
1425415390
1425863857
1426414533
1426638987
1427115020
1427428303
1427504548
1429664360
1429676030
1429710348
1430032707
1430044041
1430233063
1430234932
1430606070
1430777913
1430959637
1430980287
1431506917
1431559063
1431709561
1431834584
1432524586
1433481945
1433517927
1433667434
1433982055
1434796387
1435112762
1435216127
1435546161
1436393798
1436486769
1437128088
1438263688
1438476289
1438720017
1439171465
1439346248
1439360454
1439526559
1440319649
1440611403
1440778440
1442494456
1442873158
1443557915
1443908347
1444085281
1444974497
1445087680
1445938684
1446135193
1446582076
1448590371
1448922094
1449149078
1449213415
1449701305
1449974685
1450010633
1450272938
1451497759
1451600399
1451693253
1452584421
1452825422
1453093500
1456586745
1456839370
1458123746
1458428228
1458649657
1458708034
1458780501
1459395723
1460846583
1461107738
1461152855
1463292200
1463858876
1464197480
1464987367
1465257927
1465392618
1466100863
1466873770
1466875497
1467259618
1467522567
1468345546
1470063826
1470331683
1471241008
1471470956
1472685237
1473115835
1473124089
1473662810
1474165338
1474335277
1474442311
1475595100
1475736812
1475789384
1476115619
1476128518
1477796418
1478054427
1478177880
1479096389
1479106717
1480305369
1480487365
1480681421
1481094928
1481240854
1481634423
1482130631
1483252956
1483815965
1484497890
1484790152
1484822489
1485252438
1485413304
1485856733
1486681453
1488271772
1489489295
1491126859
1491172597
1492891301
1493623221
1494153907
1495893977
1496268163
1496633248
1497516711
1497991193
1498408133
1498616644
1498987574
1499162742
1500881137
1501357693
1501958388
1503468900
1504175646
1504742423
1504956459
1506265947
1506416742
1506492751
1506693664
1507039003
1507284768
1508263535
1508583210
1508921734
1509211698
1509858333
1511266930
1511318658
1511321031
1511673108
1512406456
1512999052
1514095420
1514745602
1515780864
1515898863
1516283587
1517417238
1517446565
1517474554
1517513585
1517653787
1518037019
1518709810
1518982418
1521851499
1522018939
1522229779
1522462490
1523271741
1523599140
1523797080
1523987009
1524046978
1524577242
1525371088
1526148082
1527270053
1527995066
1528177082
1528335573
1528939406
1529014338
1529596074
1529654188
1529683869
1531942711
1531964947
1532492803
1532889279
1533031583
1533102210
1533486558
1534462440
1535698719
1535728162
1535772024
1537335402
1539076014
1539812906
1540306264
1540682132
1540895049
1541155748
1541620745
1541690696
1542352496
1542451973
1542454892
1543189829
1543537986
1543922690
1544881085
1544994484
1545017399
1545103036
1546140103
1546459900
1547041423
1547407731
1548222093
1548285024
1549326389
1549915065
1550148321
1550841379
1550845074
1551065781
1551351477
1551407875
1551601151
1552505612
1553082371
1553343650
1553420346
1553568878
1554397580
1555469702
1555668439
1555799153
1556153990
1556685845
1557220589
1558336923
1559069003
1559521923
1559998538
1560008070
1560198514
1560911882
1561723692
1562181512
1562236148
1562556961
1563713424
1563952552
1564147377
1565407669
1566054905
1566073988
1566562848
1567200416
1567245995
1567765691
1569166536
1569360859
1569908879
1571772387
1572302618
1572505401
1572645748
1573524134
1574199441
1574311454
1575173875
1576279587
1576709517
1576728315
1577212624
1577830269
1578649958
1578825696
1579018268
1580097187
1580252444
1580509854
1580520746
1581426481
1584121736
1584313127
1584401092
1584597154
1584789903
1585815793
1585832693
1585860051
1586794379
1586948279
1587018571
1587725946
1587813579
1588582360
1589202611
1590379711
1590950201
1591068874
1591371747
1591521154
1591604164
1592036214
1592051712
1592417852
1592988176
1593528814
1595087875
1595725370
1596261171
1596275223
1596472354
1596592289
1596689158
1597544931
1597736673
1598332297
1599266378
1599429040
1599891443
1600047080
1600825237
1601044593
1601862492
1601907055
1602585302
1603549624
1604493084
1604765013
1605250436
1605259457
1606465223
1606887059
1607627015
1608213035
1610136544
1610577793
1610581009
1610592790
1610700629
1611501726
1612064882
1612151544
1613949467
1614246626
1614725077
1615332016
1615387397
1616407115
1616717368
1617139010
1618043299
1618548079
1619620115
1619930454
1620101477
1620344357
1620400503
1620934193
1620938203
1621420674
1621531498
1622184948
1622843455
1623558733
1624403284
1625213943
1626371765
1627299557
1627906128
1629083467
1629582092
1630930183
1631600497
1631885764
1632474681
1633127904
1633447025
1633458810
1633676073
1634431721
1635308720
1635493861
1636007103
1636787010
1636828260
1638073392
1638232143
1639220112
1639903027
1639924709
1640284225
1640815316
1641334440
1641635395
1642531190
1642648212
1643095570
1643562443
1643681951
1644800664
1644822623
1644972120
1646189683
1646319188
1647089354
1647608928
1647749687
1647904252
1648294202
1649444333
1650549687
1651594483
1651893002
1652173341
1652702760
1652993698
1653184074
1653220232
1653939998
1655056768
1656068873
1656238921
1657465728
1657542992
1659261228
1659578895
1660197444
1661304986
1661468311
1661677297
1662310440
1662488337
1662658706
1662666947
1663151421
1664781453
1664805812
1665041535
1665486134
1667513364
1668210281
1668597597
1669251361
1669443639
1669499036
1669563447
1669915154
1670496438
1670992924
1671725265
1671746584
1672141616
1672546758
1673076668
1673758511
1673853730
1675608195
1675969740
1676019771
1677469566
1678237130
1678379952
1678510599
1678972887
1679124332
1679640946
1679817428
1681332533
1682235445
1682568534
1683167897
1683207719
1683223504
1683763812
1684105647
1684162012
1684463561
1685035061
1685330022
1686945777
1687331062
1687415975
1687416581
1687620485
1688568202
1688924787
1689393116
1689580025
1691288236
1691887672
1692372972
1693314939
1693648386
1693994732
1694158198
1694475371
1695110425
1695161149
1695833691
1696073837
1696592877
1696881009
1698227050
1698966345
1699231879
1699468435
1699642972
1700143349
1700445595
1700993505
1701235543
1702029578
1703260046
1703886652
1703982177
1706368817
1706766683
1707460599
1707897308
1708008887
1708911360
1709038419
1709108478
1709988332
1710378085
1711360314
1713099724
1713135470
1713349000
1714679166
1715033085
1715207274
1716560525
1716900867
1717057497
1717409740
1717672758
1718430578
1718985606
1719813239
1719829767
1720286659
1721089819
1722680266
1723013729
1725364350
1725952320
1726929258
1726934369
1727191820
1727197238
1728047168
1728718649
1729257813
1729625261
1729860674
1730021832
1730374745
1730433546
1730917168
1731425054
1732099770
1732379316
1732913837
1734421849
1734797360
1735661322
1736736519
1736814266
1737343393
1737647901
1737649608
1738213004
1738476393
1738541380
1738627611
1739103365
1739581938
1739868240
1741009648
1741232393
1741732097
1742321110
1744343499
1744420167
1745343799
1745772317
1745819418
1746511235
1746711911
1746813387
1747452910
1748543017
1748803625
1748828009
1749003945
1749018329
1749903105
1751024631
1751298908
1752047187
1752371535
1752445868
1752652547
1753479063
1755117246
1755255664
1755422504
1755818579
1756860396
1757522371
1757975666
1758649614
1758840746
1758981587
1760422764
1760628972
1761004376
1761088582
1763035439
1764266907
1765168707
1765226110
1765549753
1769026927
1769327369
1770329252
1771362281
1772602809
1772906562
1773034125
1773403215
1776377445
1777196399
1777250895
1777264961
1777609327
1777805962
1778277510
1778399429
1778752445
1779089756
1779807171
1781470402
1782100787
1782529491
1783109102
1783777133
1783874148
1784448376
1785289670
1785552338
1785622634
1787025016
1787186970
1787211893
1787854001
1788380250
1789944143
1791161800
1791184365
1791614272
1792854917
1795644117
1795847381
1796467735
1797271135
1797273235
1797390220
1797867390
1797944458
1800012969
1800202699
1800797289
1801199407
1801751073
1802497997
1803364673
1803428579
1804331820
1804845503
1805326617
1805609413
1806373811
1806628837
1806861089
1806886906
1807179519
1807727953
1807839449
1810232800
1812078111
1812813632
1813148072
1813421824
1815587844
1815651150
1815660437
1816507510
1817981448
1818271970
1818628934
1818810382
1819409954
1820015296
1820408613
1820638373
1820858589
1821916647
1822357981
1822681408
1823523467
1823731590
1824315104
1824756374
1824781537
1825629650
1825680983
1826183489
1826528676
1826588350
1827295959
1828172128
1828945337
1829777865
1829977238
1831126314
1831233450
1831736663
1831763985
1833536064
1833595368
1834765722
1835161550
1835589219
1836590328
1836801257
1838092332
1838843709
1839175804
1839178804
1841432856
1841848362
1842126795
1845079422
1845228497
1845770654
1846596534
1848135189
1848836659
1848881002
1848935660
1849663060
1850221465
1850666420
1851358891
1852044490
1853523869
1853890725
1854264215
1854733060
1855580311
1855857252
1857298577
1857391050
1857819885
1858554993
1860157188
1860242435
1861101388
1861179274
1862987737
1863210941
1863690625
1865372270
1866486046
1867497268
1867990637
1868461817
1870048046
1871488934
1872154600
1873398394
1873551480
1873799685
1874911751
1876314275
1876468224
1879000275
1879852391
1879988300
1880378225
1880486697
1881922496
1882023439
1882028259
1882397680
1882649116
1882785392
1883427504
1884336828
1885041686
1885108980
1885391579
1885427235
1885804271
1886009893
1886380269
1887079543
1887340532
1887942139
1888064892
1888832511
1889851593
1889966889
1890379365
1891739632
1891739756
1891840278
1894588356
1894897452
1895084854
1895298705
1895428399
1895478198
1895583399
1895871275
1896273684
1898521671
1898898828
1899346490
1899525725
1900685641
1900938392
1901563086
1903486429
1903824214
1904023769
1904824633
1905151182
1905174629
1906189786
1906427211
1908008293
1908571602
1909022066
1910814961
1911867031
1912051664
1912607844
1913116057
1913196898
1913366108
1914185624
1914730588
1914808844
1914814791
1915440836
1915540948
1915731838
1915798063
1916400556
1916479440
1917387866
1918702900
1921016923
1921108642
1921537749
1922041318
1922090653
1922445464
1923568580
1924985991
1925345344
1925908087
1926412537
1927361344
1927408239
1927857920
1928423032
1928518738
1928786825
1929450168
1930171749
1930332215
1932038988
1932650319
1932985091
1933604383
1934516051
1935159352
1935860602
1935999497
1936116352
1936166666
1937004223
1937104634
1937266050
1940703633
1940860016
1941290803
1941347374
1941851687
1941859394
1942313937
1942374494
1942868416
1942876095
1943993456
1945655177
1945794465
1946018808
1949059291
1949389488
1950615650
1951606136
1952448993
1953874500
1954547590
1954656517
1956131886
1957507216
1958382146
1959552843
1960163008
1960184162
1960353924
1960551975
1961103594
1963424142
1963537582
1964095647
1964761107
1965881671
1966320084
1966840092
1967407155
1969702146
1970023213
1970630139
1970640617
1971052953
1971553920
1972648006
1973853728
1973863282
1975439922
1977350126
1979022762
1979034624
1979245093
1979752687
1979916235
1980569201
1981724659
1981734865
1982725818
1983442226
1984270361
1985347653
1986099584
1986196057
1988873004
1989461653
1989984012
1990012809
1990138687
1990409927
1990709727
1990970249
1991447162
1991927261
1991992508
1992298752
1992691149
1992990564
1993870254
1993904651
1994788631
1995593815
1995782673
1996170178
1996174720
1997776845
1997863917
1998954694
1999342880
1999617131
2001230452
2004035263
2004084573
2004865487
2004915627
2004944307
2005183407
2005975003
2008665132
2009675523
2010146206
2010390717
2011288981
2011334366
2011579995
2011995128
2014101168
2014448603
2014485508
2016095615
2016105259
2016624694
2017300172
2018846047
2019022211
2019891977
2020487971
2020668720
2020729071
2020965466
2022247155
2022299389
2022719614
2023126460
2023675771
2024215572
2024448339
2024922035
2025214274
2025475545
2025796707
2025834221
2026740378
2027118487
2027412012
2027672019
2027919549
2028623020
2028772043
2029900587
2031116277
2031369077
2031398937
2031543541
2032551962
2033075096
2034166461
2034260645
2034262122
2034266757
2034707098
2036982535
2037059718
2037382967
2037857239
2039226519
2039343308
2039638638
2040417667
2040700349
2041140970
2041424803
2042352766
2042453014
2042503148
2042621211
2043769759
2044024848
2044360720
2044448873
2044550284
2045307900
2046158022
2046380351
2046989536
2048173432
2048264114
2048944146
2048976991
2049274095
2049795898
2050265517
2050566155
2051244270
2051252640
2051302012
2052729095
2052884012
2053323046
2053342120
2053737827
2053827297
2054046639
2054737390
2054855216
2055370141
2055408988
2055851941
2056089240
2056282741
2056849999
2057202753
2057719716
2057799540
2058181276
2058687507
2058868753
2059497569
2060282736
2060530476
2060689574
2061107794
2061653803
2063211020
2064045885
2064470671
2064813107
2064849697
2066376210
2066395238
2066653260
2066861735
2066985925
2067860300
2068039116
2068271822
2069019776
2070191748
2070212972
2070727526
2070804741
2071068582
2071241468
2071400798
2071757529
2071995877
2072133330
2072539189
2072615452
2072693700
2074326572
2075350570
2076458486
2076582339
2078571071
2079035650
2079572724
2079674519
2079906123
2080335332
2080422167
2080444843
2080823529
2081667882
2084552149
2084779348
2084876611
2086216899
2086244365
2087102639
2087631285
2089483765
2090725856
2090844909
2091154421
2091515009
2092162047
2092196064
2092647560
2093758889
2094211415
2095066665
2097080163
2097100523
2098108717
2098863603
2098988664
2099683448
2099835001
2099903145
2100944985
2101624563
2102123874
2103155927
2103231827
2104604297
2106256286
2106325117
2106490980
2107363319
2107380305
2108571558
2111106049
2111124465
2112632075
2113118756
2113489414
2113686080
2114063462
2114365611
2114491513
2114580759
2114721480
2115801269
2115839204
2116132276
2116220026
2116566020
2116634998
2116689974
2117319742
2117347098
2117687383
2117758658
2118005055
2118701379
2119528422
2120021511
2120130327
2121434752
2121656808
2121755652
2122132555
2122236343
2122275710
2122338306
2124320577
2124396721
2124569168
2125269585
2125570189
2125637476
2126587121
2127425639
2127467648
2127781209
2127957077
2128302701
2128586797
2129159186
2129192650
2129324242
2129764604
2131213470
2131239364
2131247203
2132713397
2132903576
2133035632
2133499294
2134016094
2134016565
2134564538
2136387250
2136643657
2136967603
2137287972
2137291407
2137315517
2137788321
2137813835
2138216991
2138247580
2139163759
2141036739
2141780463
2142473521
2143815558
2144809939
2144861439
2144957818
2145084709
2145095263
2145414578
2145640897
2145723031
1502177911
1286396045
1740453966
935050775
113046679
1599990005
241786301
663300783
508648304
1867130268
1827364312
1348356037
1572470715
1581547023
1655716642
536504268
1890882170
1593622884
603766004
634997153
1550908528
2110606457
827841653
2135596705
2079628624
2021928643
773472773
1038380520
1609284118
1829120908
806693951
1040970946
49417313
1628091849
103076069
1527672201
272198675
702962615
1385128158
1126218026
425498324
229786958
853805800
428351346
935887478
1290612118
1733032526
756960221
537309519
392350198
1454981496
477714883
1660166095
156533194
185923983
235675896
1044939004
168575062
710136641
1699898908
78507068
913332618
168201970
882030338
204275525
1579880769
1568273075
1898771894
1052228038
268801621
1590734506
1450920839
949729388
2003359612
68897571
467790064
209973981
717066646
60892358
1215644934
184988180
1687504051
64059228
754137849
346343549
1315344673
801256893
2002133961
944217684
1709947305
1458190981
732438103
710932517
43801311
1729226703
1217002470
1526259262
147253019
980328989
894778339
1859047279
1268037950
286112822
482313721
1643425069
110466969
1192476975
1643125021
1510011174
1943544819
1931502063
1392364789
345707364
1360401613
11520082
344489944
226576496
582662141
277173467
562429526
1677513035
1796261429
440727677
638968836
1730991652
815729255
425986337
1989370508
1177227813
901013280
1423001963
2016099149
1581414877
1582222467
123002068
1416488462
2065353839
476301965
1535573386
2070912503
1558970992
177485497
143962396
1509403050
312739339
1317586364
1970135531
17516424
193278529
1436962639
429979511
383169222
1769140448
2032416821
954621365
470954818
1860386931
161248997
2135013712
871199861
712558581
1603255195
1432743456
385131181
384047009
1489721028
229477223
2090540596
735848405
45819762
1293594308
315092328
62083194
1902672763
42140264
1729297185
254109797
1625867943
1380593573
75375576
1969437749
1174796232
835620706
1881638009
845831541
1696450094
96348639
128905835
1856852669
890449679
2121702657
490597764
1286898715
1598894068
1149725965
386438049
873741015
472060919
1123273615
330906528
1710854013
1664846808
1515865293
1549475090
1641134108
260991088
1315608842
946177982
296937439
2023025292
2024983340
574157724
1224841297
129438537
72556948
1841397187
975684992
152532052
1658207093
1591324932
636792386
1658618501
2063408247
2136475573
1818377571
632055340
1499981318
875479493
1773373254
158743265
823365281
2063140146
1925469360
932456877
1614559580
299497568
2101440455
1393668623
784408932
158811191
1964997563
1710517775
308662036
1509831547
1072037477
346077609
1140658387
458993540
543166756
50684695
1454144653
1445280111
635294360
103615636
2006240182
1237997327
52019106
259270213
310150128
750390027
1781208605
850985055
264730365
1884611618
1431154123
1590498861
1785402618
472801195
680190465
905692274
605959182
988517800
1085171408
2044723932
1641805830
813204507
942219641
341093309
1121390520
893983568
1386232964
367339645
2009412037
860273137
1750701955
1374310138
1843865881
1664835757
1330131136
209237482
1223629835
1243233173
4053301
1551836850
533045135
1735292308
82410649
2096309075
1049910843
2125894549
76766257
1720293199
1395456032
760620937
1933421215
1435297748
365443885
212144775
694379405
1008522037
141450088
87231787
1520796855
682375391
1120521557
1321707956
374771924
222190017
2021037233
823930432
824214768
1308082626
1154600843
714134009
164186180
2108124512
2063464978
942469843
251271029
1159334401
814148376
1773440395
1287182052
2065971733
123828188
268701773
2060072817
1912478385
1636472046
1362609993
620540743
1247677769
1689934275
106644703
1376161723
751200271
366593984
214505845
1722177249
848429677
266165259
231071312
965107008
609497665
330259465
1573084407
1158450232
986305522
410637061
1712126416
1575287559
1679603897
430157064
1219818846
1616450460
2014746670
325136794
1375698790
1560619928
2121349085
990564101
1117613963
1845899479
1483778991
1293392773
1222860877
1204257949
2077459515
2072935679
1202751672
383782093
1332245110
1379060148
72905365
1254790765
978973815
1740689038
590938585
1940414367
857602827
1967958372
2080710757
881985151
1592301263
2013601974
413583945
1848281923
723326006
35257175
2009337300
1751652025
162267452
2072317721
1554149801
752106946
572695180
266184406
552874941
7392818
1844524247
1992574884
1346084070
2042226992
477924543
888954421
613221568
640871423
1495516656
999832904
132079753
1513801320
1220019231
689353861
296066262
266055335
531062291
621887905
267109386
1066628272
1775365995
1438486547
272497503
1430397517
1759123701
1184674458
1502724269
1879100363
1145288159
962160252
475493454
831830891
463243067
1098006694
871527387
1922320769
1701179115
120109647
48208949
646470924
1117049495
948820391
1758232562
1239686814
529939704
1081921019
1102527184
1685475172
324428227
204231456
839213086
2129226553
243182663
509636800
1300913364
919898641
1001684534
1187654105
42043870
109203227
1427601651
2013644073
1121141838
1009352488
1213938163
1564059041
1940462807
1671733907
1303221248
1053799383
908593272
2118392334
688573925
72583792
145080648
976511591
1160279563
1667100581
740322458
79300888
1370163476
870394351
59253893
1595251090
51736835
1957592457
1806952759
1888768286
425312848
1407459120
633058135
1174087707
1812342913
139289743
285535371
1514512999
296306302
5440321
1241161873
1698936200
1078142888
2027988877
1696094202
557322736
1747039385
2094521911
1077816553
838243826
871259262
1710911188
478303386
813717781
978881171
183621330
189692571
1297308649
464995752
490612431
1533406984
19932441
2144570602
432576566
1082199667
1490796826
1130545033
135060975
79591946
1967007988
1139992398
3134652
1144488636
409479073
1577174923
1188275940
1903290127
1828242424
1074398892
1379673868
1797762817
2052235676
1190152065
1223068297
395398595
1149782347
1334050323
1654503981
1630147311
289487551
1366809202
329686055
525717125
979996117
1742649576
1329446046
1579831734
744141830
1994460329
822503480
463752621
1072146184
25632511
1308882977
1721198218
1573724836
1184722200
157640416
1615134961
1379991447
692862129
1277468069
2011816624
471977553
1869624900
804971396
7276472
2036580672
69504771
2083065876
1809764538
1901697705
834209634
1788071022
223510636
594360649
1472985546
276589006
1476811734
158821312
2135101210
194295100
1342602260
1505504791
1366693383
530599769
1438215239
7591241
884452314
108236864
218324239
1473415797
1065366622
2045650915
41739935
1443418623
1561520249
73174956
1490839408
1846220707
440207046
478658207
334743387
1772433816
1549477975
1689622303
1305782240
1146718987
1387766331
368835050
1372880108
1431671788
1700959928
731201032
1394316690
939052766
802516359
1695142553
1742827169
19284303
1988733471
1207965189
2108016432
246964418
1792567322
630897091
1360643198
1924355530
1539668890
37087880
565741530
1507789441
1110100287
117598473
792580471
58913756
173535825
333818149
1254344279
2064818201
63768687
165982556
87561239
615445678
1514266194
443221961
1758210731
872773197
1385812969
1898418268
1551286797
2025722599
113981855
137623861
204344008
583390903
1788058166
7439844
487406582
1339794016
1551988117
927905957
289174785
405118334
1300678548
1268313423
621020239
716632453
1353345195
1673386988
1169266204
234236931
482574366
1729118290
1542388826
653895645
1350283816
1760397663
1121317322
1811228429
735509978
800328114
1424530837
1942080703
946424568
146341047
685201114
1367807784
2080468200
1100296946
709087105
1240216532
842975542
940315135
544315672
33163084
1173688215
1540531810
1655282438
1828772228
1388880132
1908619281
1201020528
1353215943
1648532271
47865103
1309902143
1670452004
1233113997
1729754029
1489835964
13722928
860500667
1279831371
929644045
1583932390
944390518
319801049
1892145749
1355758667
1434421599
672393171
853074483
1022008409
1321121357
1253220766
361804386
1320110845
1449414758
1406829785
793243025
457040599
2079825721
1039570628
136592804
55238185
675239791
1451576589
1233501403
1798435730
476982585
89851844
458938267
1761677092
1149844055
223693032
1512406574
1400843326
1110558021
1368282870
1475304014
588375036
1804519264
1791207114
1392201352
1893788999
1056574006
297041799
1629520165
486462964
512791819
640226522
1394083784
1319568918
931182257
1666857710
953356855
693171718
38279451
1265122504
678335781
1946272991
539248633
770784491
953581533
174367570
1428054482
1034440102
1954671849
2112417984
1209404884
535166533
882406495
83895283
1278748949
2064730314
734135525
1322216660
334625464
1937985602
839538765
1160462565
447847901
49489372
691703815
1137037494
1879670652
2140200794
3657508
1342194840
1100447792
1096872180
1131103412
929802240
2095232108
129195650
285322433
83147680
1598687210
1968030853
1151415277
861417422
1655347127
768516604
1491910370
518526218
381506400
1739378505
39646924
625921098
1480991080
1681612830
1982039290
368014766
471268802
695065078
1795209913
2095251088
448192510
1546365541
918551593
1984168915
1800883789
819320905
661305771
1338219972
866834373
356245763
238130905
1504085974
1142956181
423311652
2133096300
857511082
426000157
74159601
859898747
1900780166
445517190
1679418888
1615678095
1918509997
2078043521
1150906286
896740273
473533665
105911873
1944389795
1100628166
1980934351
1124657816
2120336265
1147967537
897309711
1454143543
1426624341
620380432
700814439
1787956125
439920404
2103517054
1935329664
1298345386
709565335
687893554
1522490277
1226431534
1086748032
625756089
855168464
1855808724
524735240
1657324098
1783213496
187449740
109270031
402892832
403888433
2104568911
286537440
1176417506
167085413
1443409662
1410912722
695688480
1535309092
1923890539
167016094
278365229
1265020637
1113740759
1173469261
8055579
98646492
94215560
785469081
796866258
1223175514
49911067
1336680739
766749106
1850342542
996411187
605340603
1329478782
2130025686
789309112
911757865
1618615710
1898881421
745564680
138496515
1986137904
533943560
1802735754
1880525602
1476959915
501815732
848725955
950742311
1847687297
1466865059
488779053
784593996
1121698192
1770059578
300365555
1657312435
1587193455
2066018798
914849643
2042521028
1124820301
556254366
970813971
2037144338
953104645
749245542
1873202033
796303611
356701973
1463201434
1191259441
507383906
2091229552
1577713662
1652927725
907816483
1947801493
458977983
281700257
1482261411
1557229477
972613950
77136686
1503642461
131284131
1026684248
451052491
221942327
5595050
1694208529
1077071330
1198182747
903270910
712283727
1278751311
2104428448
73259446
763379191
1046755959
641366689
1229517730
