5000
707111
959117
1462030
1651574
3269290
4108731
4552092
4555467
5882086
6363996
7312595
8864739
12292916
12326294
12902737
13672998
14030507
14364697
15232514
15474042
16116073
16187601
16740333
21122791
21327157
21776211
22071267
23767750
24656193
24671868
24695035
25889798
26274513
26799408
27188619
27253943
27454390
27934514
28477686
28783918
28840467
29590979
31504320
31601436
31763629
32615908
34418974
35014569
35331257
35995970
36507609
37017397
37048046
37608228
37938248
38031386
38292969
38346469
45793527
46801038
47231211
48658776
51547321
53697112
53954433
55330551
55547408
55572167
55692397
55965083
56399756
56570397
57396875
58453804
58462172
60350067
63539189
63870048
65002920
65107870
67760522
67932570
68436380
68446857
68855842
72350120
73163604
73547176
74131320
74981451
75493829
75971640
76034142
76754634
78270779
78305933
79341905
80151506
80545284
82464343
82572656
83915985
84628103
85483542
86694150
87781829
89008006
89255287
91321508
92386503
92410442
92976950
93476035
94948930
97539974
97930659
98649616
100957286
101942447
102596269
102956524
106240768
106351789
106775145
106787251
107291413
108784648
109159647
109279140
110740257
111307229
111424210
112125893
112133639
114115531
114686735
115150701
115374030
116112452
116622711
117019225
117365067
117990500
118422648
119434774
119783897
119878134
119944667
121249591
121519246
121880684
123500980
124368589
124825212
125491423
127049524
129124406
130146523
132269549
133393735
133652937
134897584
134915639
135181718
136981225
139459597
140036050
140978991
144111889
144123307
145044061
145426375
146720628
147085161
149429697
152027518
152134893
152478807
152798208
153054629
153557075
154676811
154870126
155754198
156751257
162713066
166424841
168084753
168726642
169434328
171133195
171884582
177548336
177619953
178468306
182300845
182563764
183086239
184053801
184542275
185425890
185675031
186217248
186390825
187631825
189994959
190658619
191125506
193549948
194325591
194732981
195538084
195741605
195960070
195991250
196310184
196541482
197872228
198633223
199377839
200663763
200702430
201178875
201818685
202917277
203501759
203911548
204969872
205605019
207904644
208797703
209066099
209115608
209557678
209711785
210692214
211108680
211470948
214264205
215055842
216788239
219073674
219765337
221303053
222284141
222382830
223148720
223936633
224195016
225619058
226243783
226316789
226342601
226546395
226643103
226702607
226902355
228558593
228718496
228790202
230339119
232471563
233277290
233666591
233855835
234332011
235497958
236832746
237542903
238033469
238562733
239332850
239532260
239544318
240271499
240431323
240784978
241318559
242889424
243683303
244010383
244354701
245030341
245596499
245768868
245942116
247895108
249366987
249433272
250867416
251461638
253508288
254804976
255211741
255419485
256280741
256530500
257387745
257500919
258338199
258585476
261596958
262160822
263431232
264971025
265882714
266186746
266703488
267637668
268676264
271643920
272953531
273426280
274715123
276489613
276789159
277024672
279899389
280558842
280680154
281162345
282053587
282341266
284351937
285570617
285677553
288088182
288205576
289583304
291567818
294195165
294640745
295535988
295595549
295725784
295859656
296901531
296960682
297275634
297439846
297458039
297598333
298015611
298065812
299521564
300994701
302366310
303092569
304969203
305405007
305788959
305960692
306623230
307464983
310217045
312002381
312987571
313323416
314084270
314535338
315549269
319393445
320312837
321742741
323701667
324029987
324508816
324544582
324579764
326433344
327855392
328081712
330319734
332493294
333306313
333958692
335123991
335965213
336205102
336644281
336923560
338046843
338441764
338484448
338636727
340070206
340838237
342210811
343516278
343553200
343581867
344694339
344727955
345300437
346294709
346506926
348051194
349157742
353808209
355765181
357257580
358221224
361593882
362279336
362310663
362468143
363297726
364144866
364304101
364868916
366610234
369092891
369753792
369836329
371159734
371534587
372580183
373856236
376092237
376665565
378925643
379690772
381583938
381814236
382083902
382735962
383147910
384505700
384579980
385306580
388729320
391267083
393232694
393700266
394089349
394916387
394998510
395087061
396026718
396138559
396750268
398156391
399805312
399838618
400653685
400857251
400923517
401593307
402237335
402958429
404884819
404986668
405309052
408735398
408878797
410039864
410467884
411945072
413109934
413173606
413244290
415274740
418416606
419420265
419788133
420969293
421878117
422394478
422514451
422885796
424357427
424454948
424839514
424873696
425581618
426641083
427368749
428250789
428915029
429045837
429448950
430936867
431320951
431588416
431635112
432823395
432911094
432971569
433831650
434667632
434786127
436378822
436771906
436946922
438248628
438541843
439097974
439649310
440001055
440490890
441402448
441724879
442554047
442664288
442838888
445711044
446075392
447426621
448609100
449120622
449474285
449904698
450771714
452072815
452137252
452318313
452637167
454161433
454981010
455055106
455065760
455378242
455537968
456026030
456036319
457755189
460055155
460599916
462308805
462342764
462890052
463903723
464452936
464511881
465745170
466141228
466666642
468778287
469082397
469831268
470727216
471046358
471443532
473117081
475370120
475896865
477927382
481690122
482964272
483843034
484939420
485578479
485728141
485878907
487619595
488258427
489512241
489694062
490576726
490679401
493095222
494490793
495222017
495819842
496216286
496461951
497580766
498664459
499485148
504925525
505202361
506642427
506859411
507032825
507393842
509661564
510276735
511488127
511521966
511621913
511854620
512155373
512455147
512722638
512733886
513801899
515170589
516041947
517442253
519944835
519972561
520401976
521169599
521843290
522815396
523254255
523338668
524193430
524396168
527777700
528296745
529233801
529837379
531318539
532635865
535836906
535882233
537871464
538134265
538612744
540287568
541973420
543000610
544229644
545815911
546966522
546973091
548094358
548891097
549718196
551616918
552243933
552900183
553353547
554726071
555873070
555987795
556168793
556550880
558387205
559253738
561415879
561484284
562206849
562863354
563694279
567235771
568190038
568255255
568833157
569674057
570179078
570386249
571222207
573300881
573416385
574056397
575330535
575400880
575403312
575762817
575893811
576141326
577076811
578574056
580873607
582365475
582999603
584142958
584439560
584595144
585109374
586305520
587101522
587346845
587489251
587825366
588989021
589708218
591754354
592203321
592421520
592987074
593015715
593269537
594089642
594700323
595509746
597227054
598931888
601243235
601271953
601882202
601949437
603630168
603776964
603857590
605305768
605629205
605962326
606030864
607385877
608710157
609006077
610386330
611321263
611396234
612287144
612854150
613055262
615283778
616967374
618658421
618892391
619767049
620121295
621240283
621372506
621704795
622332200
622368040
623216795
623480174
624367402
624878684
624936213
625282361
625669587
628626401
630538482
631949508
632396970
633680747
634114673
634342829
634443436
635629657
635657939
635806139
638396928
638818451
639070778
640466174
642107199
642353924
642528459
642555772
643003190
643727719
644075239
645098385
645745760
647856855
648872461
649163584
650099176
650846981
651222885
651314508
651491263
652411340
653282706
654297083
655973250
657198674
658074537
659176333
660042824
660677610
661948649
662682475
664768113
666188016
666324340
669378578
671216306
675348709
675439029
675946582
676255602
676391575
676413911
677492561
678383807
679104644
679627359
679637953
680180234
680716772
680756235
680773782
680896835
683875856
684602343
684745064
684760344
685621821
686437100
687151527
688056352
688067586
688342210
689606425
691294685
692110099
693473639
694330489
695152591
696700453
696874043
696984860
697110268
698461180
701455413
701559985
702766680
703240525
708036384
708868484
710352807
711977854
712660907
715605231
716163305
716751311
717633543
717961309
718314599
721213407
721295778
721505391
722604750
725341152
726318696
728427066
729108351
729714036
729792721
730585989
730993612
733107202
733372297
733739857
734428104
734774135
735923564
736724747
737512262
737713501
739373141
739435523
740217601
741558528
741655437
742442718
743468325
744006937
745199118
745587403
745659554
746603757
746669171
747717140
748123419
750183349
750203451
750923819
752347840
752495576
753142158
754134826
754406196
755005032
758597878
759439096
760617861
761047697
761286792
763318378
764373327
764809001
765853559
766116487
768075088
768812774
770625082
772643621
773109777
773975890
774527202
776152276
776576629
777508999
781110472
782985152
784298453
785522468
788061130
788071695
788506258
789181391
789876151
790367418
791634088
792909420
795926139
796755465
796919384
798009465
799305787
800235231
803641542
803893235
806292576
806594975
806705211
807848775
808218594
809890578
810930991
812442572
813296730
813712249
814610278
816509273
816704194
816902626
817698404
818237399
818261651
818669461
818887928
819201873
819479911
820816303
823216270
823326092
823691108
824320357
825618189
825736776
828148558
828646226
828832527
829109560
830378190
832826928
833419779
834044580
834521497
834995339
835474154
835827528
837207318
839051374
839483058
841283971
841612277
841916721
843096955
843878714
844686887
847094206
848025892
848254283
850380696
851260486
851298099
851457028
851694164
852662663
854163983
854908428
855581508
855797585
856422631
856571702
857475185
857574400
857926305
859437420
863215103
863360546
864490383
864624572
865048932
865184010
868004693
868850753
869062999
869394766
869613457
870410765
870921922
871748859
874461416
876805448
877208547
877839418
880726643
881922955
882644633
883074649
883765157
885904847
889926369
891406645
891437758
893036015
893736746
893812625
894576172
895076024
895370936
895842083
897086255
897820181
898638878
899463015
900698879
900909356
901413933
902638938
903484347
904333351
904567217
905489828
906440000
906938987
908128038
909294015
911007541
912546014
912634665
913746869
914699993
914924468
916293937
917532505
918390133
918597239
918787197
919664176
919914306
920082165
920187805
920558287
921621178
921899575
922931880
924184963
924263368
925269964
926195620
927340531
927731032
927891536
929790569
931325035
933313049
933996140
934322993
935233302
935687376
936152993
936669494
937854138
938927319
940696541
941274124
944716532
946556170
946692721
946996970
947433212
948112211
948127122
948906045
950018093
950292213
950586103
951184499
951424294
951890584
952827397
952993426
953436144
954089378
954257021
954301045
955212058
958563515
960979410
962202177
962823300
963112041
963630465
963709875
964657476
966678030
969076582
969227373
969452774
971091468
971817631
971856855
973827333
973909796
974704392
975335208
975630854
976279121
978227780
979060662
982976896
983734678
983903856
983974060
986092530
986635839
986798510
987473410
988553383
989804788
990557492
992005855
992388127
992787902
994371979
994603343
994781796
995472239
995664231
996831377
997087601
998795649
998999702
1001852243
1003831519
1003977243
1004364947
1004823040
1006536500
1006538951
1006759132
1007534134
1007842471
1008800692
1009593146
1009890546
1010286297
1010878053
1011245107
1013934298
1014566573
1015779640
1015781727
1016252224
1019535924
1021279978
1021507085
1022018754
1022088979
1022170759
1022603443
1023229211
1024479006
1024738744
1024818124
1025561043
1026169888
1026311295
1027378944
1027471456
1029258925
1029677119
1029717397
1029777673
1030374494
1030782761
1031002226
1031509015
1031755870
1032652075
1033057149
1033294321
1033798274
1035702755
1036027781
1038033576
1038675109
1041321399
1041359008
1042033826
1042041210
1043619054
1045784955
1046273133
1047523540
1049595868
1050335693
1050369600
1052295860
1052842920
1053278656
1054563670
1056534136
1057078376
1058987329
1059447866
1059578030
1061940493
1062041862
1062728069
1063247953
1066467007
1066508622
1067873084
1068437653
1071322167
1073456328
1074091747
1074666384
1074777212
1075158253
1075543092
1076977545
1078165922
1078594293
1079557707
1079589760
1080551561
1081088276
1081238111
1081406823
1083197021
1084305354
1084624579
1085529640
1085788095
1087493890
1087541410
1088067302
1088595587
1088780834
1088850608
1088927066
1089654496
1089960182
1092268789
1094299148
1094537110
1095108480
1095513099
1096863594
1096902646
1100717456
1100961353
1101654659
1105967575
1106246747
1106763499
1106949827
1107129050
1109702740
1110258054
1111025932
1111342849
1111876546
1113163324
1114675525
1116444695
1117581265
1118169075
1118557257
1118667318
1119413803
1122745091
1123924674
1125621940
1125705511
1125847811
1126521985
1126927146
1126947654
1127077018
1129104593
1129362710
1130268081
1130764730
1134677768
1137453477
1137501872
1137826172
1137844963
1138200566
1138357319
1138910445
1139862688
1139905377
1140198809
1140995516
1141008158
1141058016
1141781999
1143111944
1144207011
1144499157
1145625211
1146103404
1146996342
1148522604
1149707004
1151460982
1151714512
1152621156
1153970406
1154306674
1155064401
1156150162
1156725232
1158374031
1160764131
1160839268
1161399435
1161436462
1161492091
1162406478
1162431169
1164693123
1165081604
1165837926
1166285217
1166954240
1167563672
1168244440
1169508627
1170023003
1170526149
1170644619
1171462038
1171554447
1172558649
1173698125
1175564630
1176766873
1177547277
1179190647
1180126929
1182249031
1184267960
1184491510
1184494355
1185029176
1186191644
1186235966
1188491586
1192625740
1193197294
1194515807
1194654294
1196018817
1196319988
1197949607
1198794767
1200097469
1200359851
1200417157
1203507954
1205037969
1205297762
1205499526
1205860885
1206974012
1207138114
1208764321
1211118049
1211767858
1212129078
1212468787
1212847428
1213138191
1213684177
1213977368
1214015454
1214747452
1216514292
1217569835
1219061175
1219388664
1220254041
1220960551
1221300369
1222084809
1223538504
1225022992
1225198942
1225370240
1225588905
1227449227
1228117501
1228664685
1230217766
1231093579
1231302316
1231713559
1232265607
1232672394
1232685155
1233009294
1233318061
1234259415
1235251733
1235408172
1236412466
1236990689
1237665208
1238991523
1239169943
1239173796
1240742254
1241174288
1241850929
1241851215
1242426798
1243341509
1243390244
1243860655
1244227018
1244693080
1246288860
1246695603
1247025225
1247123786
1249841900
1250067162
1250650447
1250755292
1251416064
1252341790
1254706239
1256512601
1257352313
1258343705
1258570705
1259865855
1264512923
1264617716
1264966189
1265240569
1266861596
1268596311
1268694217
1268983162
1269998368
1273059256
1273651278
1274650097
1275368147
1275429528
1275907228
1277026392
1277595522
1278564147
1278740411
1279730959
1279843993
1279854224
1280603937
1281196884
1282890445
1283102233
1284525626
1286059027
1286912254
1288889767
1291103295
1291924510
1292592305
1295295157
1295358361
1295491847
1295647167
1296344193
1296847199
1296981212
1299142359
1299222627
1299340190
1299361128
1299439640
1300046344
1301000416
1303931540
1303999245
1304290007
1305522036
1305540946
1306487515
1307831028
1307971855
1308938530
1309017075
1309218875
1311534764
1311641287
1313734416
1314268546
1314459421
1314905524
1315438604
1316572674
1317916695
1318882674
1319607102
1321920624
1322607781
1322777164
1323890509
1324800682
1327176709
1327230860
1327717176
1330079333
1332547690
1332923851
1333850440
1334147734
1336438736
1338138292
1340752713
1343941752
1344080937
1344442890
1344660548
1345082599
1345207225
1345602520
1347153830
1347385652
1349353342
1349633379
1350450889
1350936621
1350954604
1352017954
1353366585
1353465144
1354772356
1355451619
1355529258
1355998573
1356300889
1359020584
1359317074
1360111507
1360550256
1361592356
1362418207
1362451682
1362729160
1363176273
1363222784
1363670127
1368846190
1368954338
1369783088
1370355212
1374913660
1375414712
1376019709
1379545546
1379957689
1380181848
1380279030
1381902204
1384044122
1385941875
1385996517
1386258023
1386346924
1388860438
1389389928
1389418714
1389503208
1390118333
1390861343
1390990084
1391895577
1392894065
1393309626
1393497534
1393549286
1394165291
1397483101
1397572351
1397879919
1398309777
1398539132
1401806224
1403129708
1403749146
1404213034
1404490623
1405652283
1406014358
1408415521
1408465639
1408685975
1408859617
1410949664
1411043277
1411446501
1411760861
1411947271
1412198048
1412280029
1414195126
1414541158
1417201378
1417922692
1417994342
1418185449
1419519536
1419774233
1420458976
1421016770
1422150124
1424231159
1424962842
1425229740
1425250450
1425606721
1427667561
1428033297
1428530939
1428887433
1429411606
1429411606
1429411606
1429411606
1429411606
1429411606
1429411606
1429411606
1429411606
1429411606
1429411606
1429411606
1429411606
1429411606
1429411606
1429411606
1429411606
1429411606
1429411606
1429411606
1429411606
1429411606
1429411606
1429411606
1429411606
1429411606
1429411606
1429411606
1429411606
1429411606
1429411606
1429411606
1429411606
1429411606
1429411606
1429411606
1429411606
1429411606
1429411606
1429411606
1429411606
1429411606
1429411606
1429411606
1429411606
1429411606
1429411606
1429411606
1429411606
1429411606
1429411606
1429411606
1429411606
1429411606
1429411606
1429411606
1429411606
1429411606
1429411606
1429411606
1429411606
1429411606
1429411606
1429411606
1429411606
1429411606
1429411606
1429411606
1429411606
1429411606
1429411606
1429411606
1429411606
1429411606
1429411606
1429411606
1429411606
1429411606
1429411606
1429411606
1429411606
1429411606
1429411606
1429411606
1429411606
1429411606
1429411606
1429411606
1429411606
1429411606
1429411606
1429411606
1429411606
1429411606
1429411606
1429411606
1429411606
1429411606
1429411606
1429411606
1429411606
1429411606
1429411606
1429411606
1429411606
1429411606
1429411606
1429411606
1429411606
1429411606
1429411606
1429411606
1429411606
1429411606
1429411606
1429411606
1429411606
1429411606
1429411606
1429411606
1429411606
1429411606
1429411606
1429411606
1429411606
1429411606
1429411606
1429411606
1429411606
1429411606
1429411606
1429411606
1429411606
1429411606
1429411606
1429411606
1429411606
1429411606
1429411606
1429411606
1429411606
1429411606
1429411606
1429411606
1429411606
1429411606
1429411606
1429411606
1429411606
1429411606
1429411606
1429411606
1429411606
1429411606
1429411606
1429411606
1429411606
1429411606
1429411606
1429411606
1429411606
1429411606
1429411606
1429411606
1429411606
1429411606
1429411606
1429411606
1429411606
1429411606
1429411606
1429411606
1429411606
1429411606
1429411606
1429411606
1429411606
1429411606
1429411606
1429411606
1429411606
1429411606
1429411606
1429411606
1429411606
1429411606
1429411606
1429411606
1429411606
1429411606
1429411606
1429411606
1429411606
1429411606
1429411606
1429411606
1429411606
1429411606
1429411606
1429411606
1429411606
1429411606
1429411606
1429411606
1429411606
1429411606
1429411606
1429411606
1429411606
1429411606
1429411606
1429411606
1429411606
1429411606
1429411606
1429411606
1429411606
1429411606
1429411606
1429411606
1429411606
1429411606
1429411606
1429411606
1429411606
1429411606
1429411606
1429411606
1429411606
1429411606
1429411606
1429411606
1429411606
1429411606
1429411606
1429411606
1429411606
1429411606
1429411606
1429411606
1429411606
1429411606
1429411606
1429411606
1429411606
1429411606
1429411606
1429411606
1429411606
1429411606
1429411606
1429411606
1429411606
1429411606
1429411606
1429411606
1429411606
1429411606
1429411606
1429411606
1429411606
1429411606
1429411606
1429411606
1429411606
1429411606
1429411606
1429411606
1429411606
1429411606
1429411606
1429411606
1429411606
1429411606
1429411606
1429411606
1429411606
1429411606
1429411606
1429411606
1429411606
1429411606
1429411606
1429411606
1429411606
1429411606
1429411606
1429411606
1429411606
1429411606
1429411606
1429411606
1429411606
1429411606
1429411606
1429411606
1429411606
1429411606
1429411606
1429411606
1429411606
1429411606
1429411606
1429411606
1429411606
1429411606
1429411606
1429411606
1429411606
1429411606
1429411606
1429411606
1429411606
1429411606
1429411606
1429411606
1429411606
1429411606
1429411606
1429411606
1429411606
1429411606
1429411606
1429411606
1429411606
1429411606
1429411606
1429411606
1429411606
1429411606
1429411606
1429411606
1429411606
1429411606
1429411606
1429411606
1429411606
1429411606
1429411606
1429411606
1429411606
1429411606
1429411606
1429411606
1429411606
1429411606
1429411606
1429411606
1429411606
1429411606
1429411606
1429411606
1429411606
1429411606
1429411606
1429411606
1429411606
1429411606
1429411606
1429411606
1429411606
1429411606
1429411606
1429411606
1429411606
1429411606
1429411606
1429411606
1429411606
1429411606
1429411606
1429411606
1429411606
1429411606
1429411606
1429411606
1429411606
1429411606
1429411606
1429411606
1429411606
1429411606
1429411606
1429411606
1429411606
1429411606
1429411606
1429411606
1429411606
1429411606
1429411606
1429411606
1429411606
1429411606
1429411606
1429411606
1429411606
1429411606
1429411606
1429411606
1429411606
1429411606
1429411606
1429411606
1429411606
1429411606
1429411606
1429411606
1429411606
1429411606
1429411606
1429411606
1429411606
1429411606
1429411606
1429411606
1429411606
1429411606
1429411606
1429411606
1429411606
1429411606
1429411606
1429411606
1429411606
1429411606
1429411606
1429411606
1429411606
1429411606
1429411606
1429411606
1429411606
1429411606
1429411606
1429411606
1429411606
1429411606
1429411606
1429411606
1429411606
1429411606
1429411606
1429411606
1429411606
1429411606
1429411606
1429411606
1429411606
1429411606
1429411606
1429411606
1429411606
1429411606
1429411606
1429411606
1429411606
1429411606
1429411606
1429411606
1429411606
1429411606
1429411606
1429411606
1429411606
1429411606
1429411606
1429411606
1429411606
1429411606
1429411606
1429411606
1429411606
1429411606
1429411606
1429411606
1429411606
1429411606
1429411606
1429411606
1429411606
1429411606
1429411606
1429411606
1429411606
1429411606
1429411606
1429411606
1429411606
1429411606
1429411606
1429411606
1429411606
1429411606
1429411606
1429411606
1429411606
1429411606
1429411606
1429411606
1429411606
1429411606
1429411606
1429411606
1429411606
1429411606
1429411606
1429411606
1429411606
1429411606
1429411606
1429411606
1429411606
1429411606
1429411606
1429411606
1429411606
1429411606
1429411606
1429411606
1429411606
1429411606
1429411606
1429411606
1429411606
1429411606
1429411606
1429411606
1429411606
1429411606
1429411606
1429411606
1429411606
1429411606
1429411606
1429411606
1429411606
1429411606
1429411606
1429411606
1429411606
1429411606
1429411606
1429411606
1429411606
1429411606
1429411606
1429411606
1429411606
1429411606
1429411606
1429411606
1429411606
1429411606
1429411606
1429411606
1429411606
1429411606
1429411606
1429411606
1429411606
1429411606
1429411606
1429411606
1429411606
1429411606
1429411606
1429411606
1429411606
1429411606
1429411606
1429411606
1429411606
1429411606
1429411606
1429411606
1429411606
1429411606
1429411606
1429411606
1429411606
1429411606
1429411606
1429411606
1429411606
1429411606
1429411606
1429411606
1429411606
1429411606
1429411606
1429411606
1429411606
1429411606
1429411606
1429411606
1429411606
1429411606
1429411606
1429411606
1429411606
1429411606
1429411606
1429411606
1429411606
1429411606
1429411606
1429411606
1429411606
1429411606
1429411606
1429411606
1429411606
1429411606
1429411606
1429411606
1429411606
1429411606
1429411606
1429411606
1429411606
1429411606
1429411606
1429411606
1429411606
1429411606
1429411606
1429411606
1429411606
1429411606
1429411606
1429411606
1429411606
1429411606
1429411606
1429411606
1429411606
1429411606
1429411606
1429411606
1429411606
1429411606
1429411606
1429411606
1429411606
1429411606
1429411606
1429411606
1429411606
1429411606
1429411606
1429411606
1429411606
1429411606
1429411606
1429411606
1429411606
1429411606
1429411606
1429411606
1429411606
1429411606
1429411606
1429411606
1429411606
1429411606
1429411606
1429411606
1429411606
1429411606
1429411606
1429411606
1429411606
1429411606
1429411606
1429411606
1429411606
1429411606
1429411606
1429411606
1429411606
1429411606
1429411606
1429411606
1429411606
1429411606
1429411606
1429411606
1429411606
1429411606
1429411606
1429411606
1429411606
1429411606
1429411606
1429411606
1429411606
1429411606
1429411606
1429411606
1429411606
1429411606
1429411606
1429411606
1429411606
1429411606
1429411606
1429411606
1429411606
1429411606
1429411606
1429411606
1429411606
1429411606
1429411606
1429411606
1429411606
1429411606
1429411606
1429411606
1429411606
1429411606
1429411606
1429411606
1429411606
1429411606
1429411606
1429411606
1429411606
1429411606
1429411606
1429411606
1429411606
1429411606
1429411606
1429411606
1429411606
1429411606
1429411606
1429411606
1429411606
1429411606
1429411606
1429411606
1429411606
1429411606
1429411606
1429411606
1429411606
1429411606
1429411606
1429411606
1429411606
1429411606
1429411606
1429411606
1429411606
1429411606
1429411606
1429411606
1429411606
1429411606
1429411606
1429411606
1429411606
1429411606
1429411606
1429411606
1429411606
1429411606
1429411606
1429411606
1429411606
1429411606
1429411606
1429411606
1429411606
1429411606
1429411606
1429411606
1429411606
1429411606
1429411606
1429411606
1429411606
1429411606
1429411606
1429411606
1429411606
1429411606
1429411606
1429411606
1429411606
1429411606
1429411606
1429411606
1429411606
1429411606
1429411606
1429411606
1429411606
1429411606
1429411606
1429411606
1429411606
1429411606
1429411606
1429411606
1429411606
1429411606
1429411606
1429411606
1429411606
1429411606
1429411606
1429411606
1429411606
1429411606
1429411606
1429411606
1429411606
1429411606
1429411606
1429411606
1429411606
1429411606
1429411606
1429411606
1429411606
1429411606
1429411606
1429411606
1429411606
1429411606
1429411606
1429411606
1429411606
1429411606
1429411606
1429411606
1429411606
1429411606
1429411606
1429411606
1429411606
1429411606
1429411606
1429411606
1429411606
1429411606
1429411606
1429411606
1429411606
1429411606
1429411606
1429411606
1429411606
1429411606
1429411606
1429411606
1429411606
1429411606
1429411606
1429411606
1429411606
1429411606
1429411606
1429411606
1429411606
1429411606
1429411606
1429411606
1429411606
1429411606
1429411606
1429411606
1429411606
1429411606
1429411606
1429411606
1429411606
1429411606
1429411606
1429411606
1429411606
1429411606
1429411606
1429411606
1429411606
1429411606
1429411606
1429411606
1429411606
1429411606
1429411606
1429411606
1429411606
1429411606
1429411606
1429411606
1429411606
1429411606
1429411606
1429411606
1429411606
1429411606
1429411606
1429411606
1429411606
1429411606
1429411606
1429411606
1429411606
1429411606
1429411606
1429411606
1429411606
1429411606
1429411606
1429411606
1429411606
1429411606
1429411606
1429411606
1429411606
1429411606
1429411606
1429411606
1429411606
1429411606
1429411606
1429411606
1429411606
1429411606
1429411606
1429411606
1429411606
1429411606
1429411606
1429411606
1429411606
1429411606
1429411606
1429411606
1429411606
1429411606
1429411606
1429411606
1429411606
1429411606
1429411606
1429411606
1429411606
1429411606
1429411606
1429411606
1429411606
1429411606
1429411606
1429411606
1429411606
1429411606
1429411606
1429411606
1429411606
1429411606
1429411606
1429411606
1429411606
1429411606
1429411606
1429411606
1429411606
1429411606
1429411606
1429411606
1429411606
1429411606
1429411606
1429411606
1429411606
1429411606
1429411606
1429411606
1429411606
1429411606
1429411606
1429411606
1429411606
1429411606
1429411606
1429411606
1429411606
1429411606
1429411606
1429411606
1429411606
1429411606
1429411606
1429411606
1429411606
1429411606
1429411606
1429411606
1429411606
1429411606
1429411606
1429411606
1429411606
1429411606
1429411606
1429411606
1429411606
1429411606
1429411606
1429411606
1429411606
1429411606
1429411606
1429411606
1429411606
1429411606
1429411606
1429411606
1429411606
1429411606
1429411606
1429411606
1429411606
1429411606
1429411606
1429411606
1429411606
1429411606
1429411606
1429411606
1429411606
1429411606
1429411606
1429411606
1429411606
1429411606
1429411606
1429411606
1429411606
1429411606
1429411606
1429411606
1429411606
1429411606
1429411606
1429411606
1429411606
1429411606
1429411606
1429411606
1429411606
1429411606
1429411606
1429411606
1429411606
1429411606
1429411606
1429411606
1429411606
1429411606
1429411606
1429411606
1429411606
1429411606
1429411606
1429411606
1429411606
1429411606
1429411606
1429411606
1429411606
1429411606
1429411606
1429411606
1429411606
1429411606
1429411606
1429411606
1429411606
1429411606
1429411606
1429411606
1429411606
1429411606
1429411606
1429411606
1429411606
1429411606
1429411606
1429411606
1429411606
1429411606
1429411606
1429411606
1429411606
1429411606
1429411606
1429411606
1429411606
1429411606
1429411606
1429411606
1429411606
1429411606
1429411606
1429411606
1429411606
1429411606
1429411606
1429411606
1429411606
1429411606
1429411606
1429411606
1429411606
1429411606
1429411606
1429411606
1429411606
1429411606
1429411606
1429411606
1429411606
1429411606
1429411606
1429411606
1429411606
1429411606
1429411606
1429411606
1429411606
1429411606
1429411606
1429411606
1429411606
1429411606
1429411606
1429411606
1429411606
1429411606
1429411606
1429411606
1429411606
1429411606
1429411606
1429411606
1429411606
1429411606
1429411606
1429411606
1429411606
1429411606
1429411606
1429411606
1429411606
1429411606
1429411606
1429411606
1429411606
1429411606
1429411606
1429411606
1429411606
1429411606
1429411606
1429411606
1429411606
1429411606
1429411606
1429411606
1429411606
1429411606
1429411606
1429411606
1429411606
1429411606
1429411606
1429411606
1429411606
1429411606
1429411606
1429411606
1429411606
1429411606
1429411606
1429411606
1429411606
1429411606
1429411606
1429411606
1429411606
1429411606
1429411606
1429411606
1429411606
1429411606
1429411606
1429411606
1429411606
1429411606
1429411606
1429411606
1429411606
1429411606
1429411606
1429411606
1429411606
1429411606
1429411606
1429411606
1429411606
1429411606
1429411606
1429411606
1429411606
1429411606
1429411606
1429411606
1429411606
1429411606
1429411606
1429411606
1429411606
1429411606
1429411606
1429411606
1429411606
1429411606
1429411606
1429411606
1429411606
1429411606
1429411606
1429411606
1429411606
1429411606
1429411606
1429411606
1429411606
1429411606
1429411606
1429411606
1429411606
1429411606
1429411606
1429411606
1429411606
1429411606
1429411606
1429411606
1429411606
1429411606
1429411606
1429411606
1429411606
1429411606
1429411606
1429411606
1429411606
1429411606
1429411606
1429411606
1429411606
1429411606
1429411606
1429411606
1429411606
1429411606
1429411606
1429411606
1429411606
1429411606
1429411606
1429411606
1429411606
1429411606
1429411606
1429411606
1429411606
1429411606
1429411606
1429411606
1429411606
1429411606
1429411606
1429411606
1429411606
1429411606
1429411606
1429411606
1429411606
1429411606
1429411606
1429411606
1429411606
1429411606
1429411606
1429411606
1429411606
1429411606
1429411606
1429411606
1429411606
1429411606
1429411606
1429411606
1429411606
1429411606
1429411606
1429411606
1429411606
1429411606
1429411606
1429411606
1429411606
1429411606
1429411606
1429411606
1429411606
1429411606
1429411606
1429411606
1429411606
1429411606
1429411606
1429411606
1429411606
1429411606
1429411606
1429411606
1429411606
1429411606
1429411606
1429411606
1429411606
1429411606
1429411606
1429411606
1429411606
1429411606
1429411606
1429411606
1429411606
1429411606
1429411606
1429411606
1429411606
1429411606
1429411606
1429411606
1429411606
1429411606
1429411606
1429411606
1429411606
1429411606
1429411606
1429411606
1429411606
1429411606
1429411606
1429411606
1429411606
1429411606
1429411606
1429411606
1429411606
1429411606
1429411606
1429411606
1429411606
1429411606
1429411606
1429411606
1429411606
1429411606
1429411606
1429411606
1429411606
1429411606
1429411606
1429411606
1429411606
1429411606
1429411606
1429411606
1429411606
1429411606
1429411606
1429411606
1429411606
1429411606
1429411606
1429411606
1429411606
1429411606
1429411606
1429411606
1429411606
1429411606
1429411606
1429411606
1429411606
1429411606
1429411606
1429411606
1429411606
1429411606
1429411606
1429411606
1429411606
1429411606
1429411606
1429411606
1429411606
1429411606
1429411606
1429411606
1429411606
1429411606
1429411606
1429411606
1429411606
1429411606
1429411606
1429411606
1429411606
1429411606
1429411606
1429411606
1429411606
1429411606
1429411606
1429411606
1429411606
1429411606
1429411606
1429411606
1429411606
1429411606
1429411606
1429411606
1429411606
1429411606
1429411606
1429411606
1429411606
1429411606
1429411606
1429411606
1429411606
1429411606
1429411606
1429411606
1429411606
1429411606
1429411606
1429411606
1429411606
1429411606
1429411606
1429411606
1429411606
1429411606
1429411606
1429411606
1429411606
1429411606
1429411606
1429411606
1429411606
1429411606
1429411606
1429411606
1429411606
1429411606
1429411606
1429411606
1429411606
1429411606
1429411606
1429411606
1429411606
1429411606
1429411606
1429411606
1429411606
1429411606
1429411606
1429411606
1429411606
1429411606
1429411606
1429411606
1430841040
1433030606
1433205691
1433445865
1433745008
1433964055
1434339342
1435252936
1435763038
1436858413
1437383419
1438170499
1439825648
1440356293
1441065985
1442987281
1443224279
1443236704
1443678245
1443985021
1444091047
1444103517
1445307093
1445927383
1453101009
1453556319
1453914832
1454732214
1455252512
1455495654
1456129572
1458155429
1458506002
1459043986
1459380236
1459757023
1460045502
1460097489
1461113116
1462195694
1464233851
1464609949
1466436764
1467656437
1468966833
1469007029
1469031911
1469123013
1469807684
1469934536
1470457095
1473955744
1474536174
1475615805
1476469058
1477733572
1478811735
1478872918
1480716587
1482070485
1482257454
1482574454
1483156556
1483296482
1483407019
1483694205
1483996262
1484110310
1484268541
1484546910
1485303477
1486068108
1487211152
1487221073
1490185783
1490659468
1490661097
1490724178
1490724883
1492319530
1493951022
1494989772
1495489778
1498146207
1498212227
1498416554
1498789888
1500946688
1501571637
1504151053
1505507990
1506377212
1507658287
1507998458
1508433971
1508504569
1508561210
1508563670
1508701325
1509628391
1512505654
1513166933
1514359614
1514749337
1514916908
1516359474
1517259466
1518136280
1518281439
1518837631
1518953409
1520328961
1521365026
1521807576
1522156754
1523001741
1523478238
1524919757
1524945438
1524964961
1526068240
1526363083
1526576555
1528258885
1528615251
1528617396
1529787519
1529829004
1531927264
1532862904
1533679079
1533757255
1536224958
1536231002
1537260998
1537908294
1540086479
1540761973
1541362983
1541401715
1541886184
1542662075
1542944669
1544041139
1547743497
1548074115
1548123567
1548477234
1548565701
1548772696
1548812997
1549053148
1549270216
1550036093
1550321263
1550545068
1550930956
1551882949
1553236167
1553368570
1555261993
1555323670
1555582370
1558690779
1558816616
1558971000
1560583414
1563043228
1563341097
1565921239
1566022192
1566696588
1566842294
1569227985
1569413977
1569545963
1569806622
1570357383
1572371819
1572385751
1572817713
1572940745
1573015859
1575070415
1575409378
1576784896
1577383458
1577622223
1578036643
1578159481
1579302127
1579532183
1580299547
1580444618
1581632654
1582383764
1584597185
1586706213
1586829288
1589099023
1589326816
1590283633
1590520320
1590890405
1591836683
1593568033
1594964905
1595692773
1595803443
1596614231
1598163567
1598442383
1599037458
1600970417
1600978414
1601248875
1602045859
1602760695
1602907454
1603357457
1604012569
1604875235
1604886208
1605701752
1606259929
1606495529
1607334530
1608151496
1608311884
1608872919
1608922951
1609346847
1611969844
1612841916
1612998116
1613285595
1614321496
1614871719
1615625334
1618621293
1619440975
1621127844
1623078215
1623449257
1624220068
1624482312
1624985102
1625359840
1625852329
1626687463
1628446703
1629581357
1629647730
1629658266
1629709216
1630019909
1631343054
1632547467
1632710799
1633247608
1634288221
1634416944
1635247079
1636326094
1636386192
1636998148
1637015336
1639438449
1639811211
1641522260
1641690800
1643145474
1643239378
1644147929
1644177604
1644513590
1645925960
1646841880
1647975357
1648435575
1648998049
1649381326
1650058606
1650240397
1650972075
1650995496
1652044846
1652865060
1653441532
1653866943
1653930007
1654030292
1654231793
1654801341
1654954905
1654960993
1656415220
1659357475
1660237480
1660867880
1661993672
1662589264
1664539887
1665280784
1665349580
1665963033
1667144381
1667154936
1667307586
1668566005
1669322055
1670870851
1670959237
1671106639
1671964106
1672395950
1673985184
1674837125
1674904213
1675220687
1678109613
1679415774
1680024807
1680072207
1681402074
1682115658
1683214889
1683511715
1684276481
1684344780
1684552665
1686677251
1687185256
1688133168
1688481290
1690841849
1691561292
1691978170
1692027136
1692160735
1692586369
1692759714
1694141567
1694319173
1695342401
1695389659
1695464822
1695473995
1697307594
1701244350
1702125990
1702234624
1703425177
1703582303
1703734478
1703968508
1705828980
1705899478
1706195916
1707089180
1707885606
1708366695
1709247887
1709545631
1711069395
1711463885
1711616544
1714325993
1714613473
1715149057
1717121912
1717267400
1719625742
1720607653
1721225831
1721413079
1721995849
1723529328
1725788782
1726417460
1726794303
1726853324
1729085749
1730103455
1730715621
1732028756
1732982069
1733043833
1733558946
1735013626
1736340697
1738275311
1738456509
1738554632
1738594784
1739412855
1740248307
1742024835
1742533632
1743121974
1743929288
1745448089
1746558985
1746731277
1747383509
1747876897
1749837662
1750538411
1751452697
1754304522
1754729635
1756682226
1757097540
1758327077
1759587814
1759772248
1760196582
1760994234
1762192374
1762353761
1762995126
1764262372
1764407060
1766279584
1767175845
1768438743
1769421899
1770403414
1771724424
1772139953
1773507256
1773798598
1774430356
1775952676
1776545706
1777849337
1778173252
1779081085
1779400581
1780350966
1781791373
1782726598
1783749251
1784249913
1785159177
1785201703
1785603139
1786036278
1786652413
1787829815
1788538610
1789138450
1789379447
1789733101
1790606784
1793111591
1794577570
1794707224
1797507910
1800688262
1801272952
1801599353
1802046305
1802240070
1803457376
1804200636
1806471986
1807458611
1808135102
1808797481
1808979891
1809293324
1809432273
1811405842
1814030238
1814120029
1814912680
1816222734
1816435140
1817364040
1817501124
1817709673
1819358785
1819773071
1820870029
1821017082
1821590835
1823387908
1823746620
1823834942
1824051750
1824654076
1824856453
1825660006
1826444041
1826821333
1827205023
1827499657
1827823967
1828065910
1828254514
1829368894
1830153349
1830224585
1831269642
1833251778
1834070563
1834167162
1836523691
1836562720
1836601492
1837647627
1838572491
1839817491
1840718463
1841053216
1842207490
1842422291
1842600048
1843134898
1845410758
1848731282
1851224144
1851695894
1851862014
1852047750
1853078962
1853764745
1855064497
1855716703
1855784717
1856266525
1857430037
1857658606
1857674104
1858592293
1858855621
1859137927
1859779732
1860820679
1860899477
1861763132
1864432272
1864816996
1865976675
1866729934
1867007577
1867222696
1867355297
1868746541
1869117048
1869556883
1870779480
1870826002
1870961203
1873711830
1874255808
1874448254
1874797325
1875064046
1875405936
1875717987
1876080497
1877045153
1877645858
1877855359
1880359576
1880523216
1880645469
1881722883
1883098968
1883268871
1885045302
1886826065
1887082888
1889597874
1890265540
1892172566
1892822124
1894287390
1894801454
1895446363
1895975686
1896740397
1899077611
1900014911
1900033606
1900436190
1902254160
1903292559
1903750435
1903832077
1904281211
1904886888
1904970271
1907379428
1907595105
1908852699
1910317652
1910396547
1910665555
1911349162
1911386204
1911833174
1911892092
1912780322
1913738265
1913934408
1915393777
1916366075
1917457763
1919043909
1919320595
1919398646
1920013001
1920182528
1920823137
1921232148
1922779652
1923144750
1923265233
1923474239
1923631685
1924788438
1925457297
1926421366
1927806337
1928525247
1929156902
1930007825
1930989932
1931897088
1932507899
1933224736
1933446922
1933836369
1935259644
1936144370
1937941212
1938536501
1938688755
1938797002
1944624619
1945374229
1945417656
1949516298
1949777781
1950937885
1952561879
1953797230
1955153383
1955333244
1955901063
1957067958
1957612165
1960208687
1961588436
1963131080
1963242297
1963283422
1964818486
1965508266
1967118839
1967153964
1967340709
1967538743
1968073118
1968860829
1969856018
1970018789
1970118319
1970162925
1970340085
1970473184
1972974624
1973259531
1974195920
1974203797
1975277434
1977185461
1977674986
1978817713
1980134071
1980424163
1981181735
1983651550
1983843246
1984973908
1985815371
1986175057
1988200454
1989135294
1989967614
1992714902
1993298612
1993485845
1993507971
1994673063
1995585325
1995934729
1996091750
1996179392
1999144495
1999722254
2000584056
2000984417
2001567456
2001852559
2002089475
2004310743
2004339067
2006435548
2007967027
2009630638
2010414238
2010929903
2012090977
2013188807
2013331901
2013962769
2015878118
2016256229
2016910362
2018261026
2020904479
2021119349
2023248455
2023619868
2024883405
2025781941
2025960632
2026287791
2026385044
2027378581
2027944520
2030711410
2031039301
2031691678
2032035891
2032888718
2033289718
2035076482
2036186348
2036226075
2036356199
2036716249
2037063853
2037361798
2037816527
2039873277
2040234629
2040304676
2041681822
2042069170
2042143227
2042255843
2042627443
2043735139
2044643777
2046243688
2047562892
2047694059
2048510487
2049241900
2050037492
2050990442
2052230021
2052670588
2053333026
2053608189
2053896075
2055632243
2055977505
2056413069
2057033744
2057267108
2057544949
2057879033
2058309347
2059001580
2059420764
2059536195
2061072616
2062702374
2062981021
2063361414
2065458771
2066235226
2066350580
2066885598
2067145462
2068067554
2068592105
2068882679
2069685352
2071629766
2071971846
2072261568
2073974790
2077137411
2077194880
2078657331
2079343726
2079775527
2080459767
2080583926
2082779723
2084016521
2084576471
2086980675
2089990944
2090933509
2091158452
2091298885
2093790421
2094607171
2097984960
2098446777
2099124643
2100068933
2100946364
2101177490
2102711180
2103918430
2104922154
2105542730
2106207246
2106892521
2107898061
2107936059
2108386818
2108513075
2108919547
2109796389
2111152616
2111566316
2112094890
2112705115
2112758396
2112916877
2113435975
2115876431
2116064196
2116613565
2117494355
2118065976
2118658639
2119566505
2120377483
2120495777
2120746965
2120861404
2120955421
2123060324
2125532182
2125723740
2126998038
2129130491
2129810910
2132012033
2132327055
2133713610
2135208385
2138185115
2139001112
2139499202
2140733775
2142142853
2142259243
2144395533
2145839296
2146064031
2146218814
569033048
993757645
1104416796
1231929351
1146761530
2102786532
394864645
765619285
41310171
662826016
1119173923
146859788
813746513
1461779895
921773585
301613637
1158990139
1470587883
781256258
858910448
322824402
1166032092
1713091369
613383454
1214205778
1766897052
834882248
207792638
562456844
2136646661
398886293
1785464164
1507204817
2021742954
1947565044
779946934
327938450
1218490948
773305244
370204264
762939689
102496786
381597408
1121466314
20369679
903295080
1118508917
1855005828
2062847697
1305246311
729294872
1569740275
788198530
1573559014
545235493
460209102
1645764467
774023509
1704665884
740177761
1942345703
1105312274
1249842568
1566489069
1979754110
615700152
1496243418
329619956
1562274879
2018823131
118740117
652838356
760296769
780096933
701487996
223526742
865054191
501497947
1950164401
1517667093
1767556632
1183025073
1698797985
902647030
964150802
1718412599
2000466537
837109927
1141171592
494495387
222255419
972765000
468350389
1037421668
526244083
1246644635
1505920313
1907920696
197320668
653716108
480289104
1975425502
879229494
375130651
1956347412
208834267
889246271
1223377224
1292567390
235550678
1087883725
385995517
2026040279
1158262321
2123052639
1704908768
527361855
705685816
2056810778
774480087
788437742
1299027804
1441546426
160276328
819751358
1453478401
985000982
2107553398
1054686568
787126038
728055146
61018216
1183456693
363100737
1633045632
1756928364
794867498
1989754546
1189303538
1994260537
1759566630
39047573
1290047076
826306220
2099378038
1090364456
1277452141
1744114728
184451946
1264953801
2137911754
186467874
786917345
1515519189
27472456
20583887
208521642
2077408837
1221190533
1048073752
1314677170
319952207
137690961
1332093708
981930381
2039569919
917655219
1951196626
1686403492
894316938
546731613
1983177825
176019688
1277914297
921636032
137244013
262689613
1945431106
1422072967
1434848906
1411690979
890951997
1974226695
58233068
1618114491
2064828276
233099212
688283956
1641525750
400867241
719518848
472862079
1703467853
2079707214
1195307126
1964832644
1086207789
135826576
62146071
811962855
1548610947
2384589
1423081677
1208368700
299891221
127631838
1919621560
1432730039
159631662
722268131
1582904873
854781475
1794135542
1218166867
1768926818
589421058
57658195
546158568
941945098
21816402
1596048424
567627491
992881263
1407450051
480635452
1354045397
556780120
1217226861
1002631505
2071010173
1053027035
812642318
83443706
131545251
1120360794
767247862
1643000046
1557039996
2082974077
266898745
1821352279
1235848815
449199921
1298053042
91107021
79861636
57236877
2055001530
431220009
1904866285
401442519
1798281606
34104164
1958034246
642165894
1776854283
682339199
512242613
2147139515
658624417
1369859881
62840480
1745476683
1599993161
294829193
949473122
1991264244
792994060
567653138
1423930392
440336176
501462470
1353902462
301955222
457558293
43290544
1734700322
870320182
960179157
1538968141
1144501319
622642254
60551147
1923362598
2031329942
2014798835
1201873949
664277161
1886247821
1013530533
567380127
1130401809
2022862501
1436438650
213230976
1770290436
2032912314
692437628
585330703
30538414
10532465
925480201
321682986
1309606203
991555718
603851706
2075390667
1661545695
1868633924
1329506940
455793545
447941966
1630439827
910836669
1168460067
1717877901
1603731839
853764576
1882983225
1980040383
1132123169
888988963
1193768962
1882714060
1751151522
340248119
1948667719
2132736483
1252517704
1430343234
846789320
613972571
378076962
2082872508
707312209
1474310518
1070556940
1232496014
2080731983
1238730533
1637594113
893837239
1074365108
811866180
2071277869
1257226413
1112720458
1205139530
1861805853
386750934
1837431916
903368352
202507774
1934060770
1446880398
1761514205
559685893
662429791
902271289
1091522756
1417647418
69090861
1568931447
79128216
615548819
1100273334
312240221
1518844726
85197993
1698559449
1188539772
2042547257
1565651104
780978237
481178795
1896076610
849746437
922114109
1729833211
673164191
926705741
1591980943
924951028
17806963
781400208
1130794451
32062007
1995239899
1039834588
278001230
1589740385
1922598368
2071818214
1748870240
653447191
255568379
370451853
629200718
766989598
1597324292
536304497
680814620
658447124
537580077
644651210
597887355
616791172
505663735
1097602966
528521832
874066432
1646377144
333867613
2085685727
744443708
625672934
1605066026
1802609015
1897906876
1546256041
1225668740
1151371156
119875775
412489539
634469457
1271856444
39032070
1029488155
331677206
1778737277
117564652
224150924
618262830
1617499624
320693195
1854058042
1165793924
2005169087
415972838
1196217281
81938553
604242544
54270345
1588622087
307233058
1115318418
1919380310
1673008583
1251864310
1186168511
843469276
648567885
2000934670
115086670
1526380390
35567668
785342210
812029008
512960771
1332319139
475781904
1384842747
624282643
1860765306
78146681
1298759250
1222926642
162086657
1181179803
750116153
1473175581
1323023604
1012031390
1141087490
1228476720
1100450782
1147125110
1771024651
1487961937
729205844
73446679
1762720575
1507793660
1181009020
27249919
575371822
155349913
1773356686
2027768536
140306662
197023828
2107177169
1173856706
77392753
1512393236
1176671560
142003697
801803662
454262309
482262278
778822568
758071911
2041614173
915693845
1198638513
2120879131
1681981811
1741052016
249058890
487136227
1090904825
1769499336
1621796496
1671260548
1937411123
1921688447
1811161496
1758050694
330514985
1572641753
161215395
1570264898
1015602703
1034602965
396942996
1336726190
1530644063
828159428
1033990189
835434999
907944107
1945294414
1272174170
1084085658
976392858
1312217679
1932959910
124595554
280920253
1257636065
1555290681
599524283
211352657
266154061
42866526
1050680737
33117478
407188173
1728724269
1362528820
1403749779
567189711
77563744
91271679
699784995
1665959993
897812765
1319037533
590129150
1221142204
235808249
1121912228
1072395336
2065646528
1100558694
813318447
709725574
1233546780
413603322
26467515
310409676
817645969
427943830
529217007
1820454422
1177951745
183236522
164675456
1741451656
523357429
2122774738
1329193955
1637905591
1833880691
1347471893
1745048036
838173973
1844723538
1047091427
1984610071
625458093
141716986
278019179
1891409228
1861952102
697274230
269721931
2025999147
466956797
1237641041
506371245
103821654
1173817414
1564495756
690397224
651999027
1686079795
1896392400
1862261673
1605266733
880924270
941943472
2141971867
1852794008
1396010956
1497294017
807168173
421285512
292016025
913198780
66270351
1409260111
837542814
1974252460
491265423
1770825293
284835678
492190983
146843037
532212456
625358237
610920841
627258380
334369537
1931587807
685980550
1582886754
550255442
1078629712
1620105257
1163894086
139362879
1514732123
1831639723
190744716
1800840488
91560998
1267402134
337371545
846728735
1743204123
2059782887
1334592169
23891468
2111944334
1838703922
807136724
2040205816
867757863
844956664
2024777884
1416026026
735642928
887335117
1314866651
1357075727
2095412549
1014383890
2024849344
469570599
70654668
2082031932
1612136906
383804943
1716285060
602656916
1321907960
1588755505
402105737
60084650
525398460
2066644403
691974643
1393876396
2128966096
160649158
643454227
1955030544
1698553908
1095412185
215287564
1975626600
2111599933
345323609
1353082269
1549357000
1803879125
1769809176
386826435
958893576
1407044744
111091644
953971465
285503753
983109273
378371293
587242684
2100432023
1624821175
967432973
1047285774
956032806
570723588
1489376014
873277866
1277850264
1992917048
654383477
959341652
347923488
2099575682
117199870
535710791
1439816113
1143676795
1797252915
2072247350
371424404
1942479846
1212370028
978217860
1920255235
1345487529
606096993
1157223630
1845642178
1454288378
1713382539
1212110350
908777008
911475992
1176143493
2004199863
1306094246
2095636535
483949298
1215280297
498985062
518295499
798779461
1166123630
1104086888
2129616536
355176003
1586027408
1795619692
392472153
1357195534
1961525151
1331747760
1610033286
1535485602
595526815
1745384685
53782775
1983967685
566294826
69617078
1823125978
981636850
1401161696
18951670
693137934
1617955410
1538637556
2030810165
1868841384
521319866
89708102
190550120
677749163
676918853
1754284212
1451761421
45005533
493749387
569135301
564840169
1391000643
1040825659
1902545998
59084556
896687778
1738733847
2089781800
867665915
1447070275
657809650
560972794
816538428
1140855066
1617093846
2090716937
1552127945
1130511506
1719056333
2082285640
1581239968
790010551
1963424903
1048624919
1988206351
938593937
1680911944
939666523
380512023
59269795
1862516004
1584840556
1175550951
635281057
2027515762
186901338
1629695852
1291750726
1542264359
709462423
1105735217
1915794628
1537993325
1940637983
320949645
1869245898
877535723
1972692512
43023151
1535593465
260896609
1875183936
1893892627
650766155
292552914
1346757615
477595925
1808322636
1289970908
1693634291
15787852
1205939983
282633895
2141529748
864550916
632889610
489171679
941008237
1455862751
256582139
228846997
88266802
1736424784
1936065605
782403891
819825456
551359840
312894075
1770750669
1178113757
758688559
1668198874
2019463733
147919696
1447751093
1362899541
1192006685
181411932
1711046031
597126040
706271849
1168849174
1815148309
44940081
1541181270
1833338423
823508205
170296520
1725393836
1222516211
1853907428
781908073
1076546918
974324851
914962382
1789841754
2066915949
960880971
449454157
1276030200
1467872458
240264870
862413730
1220426507
1091990652
691640902
79658703
941509240
1286285584
2031419586
1373961896
285929881
1702591628
237895521
1842954380
1377623979
1705016746
194664454
1107883997
1523118089
1040649583
1090720313
815889799
976765698
1136088618
964297249
2032263681
528281032
1121908126
1003453022
845860863
41781301
2138656985
1974147056
867224042
462961705
664122854
1440293719
580866249
158387681
1289515934
489337214
1575671335
1687276188
529333081
1623826493
1429681775
467066142
927918809
505178349
1529655052
1385720727
348106974
888457590
852917539
531734248
1178050969
1850894290
1679705235
2133344830
739587498
611730050
1342732161
1541267251
1130937443
287844904
1676128484
949242
921524765
414663191
659816622
2079896493
81551985
549645109
1558181216
1936105794
1457860414
1619049475
599235188
1794983933
444688875
642830565
63077898
1440793715
394364433
948490789
513579042
986181601
475380461
1080241187
786878171
857121771
325301121
1990059032
2011832446
737897907
132061524
1207426517
1644490716
840926922
868897147
665550029
1804503827
