1000
3617
11074797
24277561
25885618
32426812
41012041
52506790
60790919
64696416
67778686
84070362
100436981
101627039
106950175
122193125
123613149
124184698
125719096
131367458
135918760
151746823
167940257
182509650
206852053
225647747
237554670
258930068
272761091
279677490
299329435
304145706
306713087
320375394
330216605
344406658
345949898
377167397
378742780
388373752
388438520
394474607
398686917
409238917
439958501
443197903
462084837
479309572
480602768
482940371
517269012
540388521
544816707
550923836
580377885
580662750
582035379
591627547
596329686
601529284
608650044
628091901
630791002
634896819
645112742
647457423
647497615
652701560
660468538
667744120
705485343
725938330
726481628
765800882
778387241
796145108
804725409
807743929
833039634
834944714
840254454
841705756
843523822
844982214
852736387
876552456
883929133
907610349
907610349
907610349
907610349
907610349
907610349
907610349
907610349
907610349
907610349
907610349
907610349
907610349
907610349
907610349
907610349
907610349
907610349
907610349
907610349
907610349
907610349
907610349
907610349
907610349
907610349
907610349
907610349
907610349
907610349
907610349
907610349
907610349
907610349
907610349
907610349
907610349
907610349
907610349
907610349
907610349
907610349
907610349
907610349
907610349
907610349
907610349
907610349
907610349
907610349
907610349
907610349
907610349
907610349
907610349
907610349
907610349
907610349
907610349
907610349
907610349
907610349
907610349
907610349
907610349
907610349
907610349
907610349
907610349
907610349
907610349
907610349
907610349
907610349
907610349
907610349
907610349
907610349
907610349
907610349
907610349
907610349
907610349
907610349
907610349
907610349
907610349
907610349
907610349
907610349
907610349
907610349
907610349
907610349
907610349
907610349
907610349
907610349
907610349
907610349
907610349
907610349
907610349
907610349
907610349
907610349
907610349
907610349
907610349
907610349
907610349
907610349
907610349
907610349
907610349
907610349
907610349
907610349
907610349
907610349
907610349
907610349
907610349
907610349
907610349
907610349
907610349
907610349
907610349
907610349
907610349
907610349
907610349
907610349
907610349
907610349
907610349
907610349
907610349
907610349
907610349
907610349
907610349
907610349
907610349
907610349
907610349
907610349
907610349
907610349
907610349
907610349
907610349
907610349
907610349
907610349
907610349
907610349
907610349
907610349
907610349
907610349
907610349
907610349
907610349
907610349
907610349
907610349
907610349
907610349
907610349
907610349
907610349
907610349
907610349
907610349
907610349
907610349
907610349
907610349
907610349
907610349
907610349
907610349
907610349
907610349
907610349
907610349
907610349
907610349
907610349
907610349
907610349
907610349
907610349
907610349
907610349
907610349
907610349
907610349
907610349
907610349
907610349
907610349
907610349
907610349
907610349
907610349
907610349
907610349
907610349
907610349
907610349
907610349
907610349
907610349
907610349
907610349
907610349
907610349
907610349
907610349
907610349
907610349
907610349
907610349
907610349
907610349
907610349
907610349
907610349
907610349
907610349
907610349
907610349
907610349
907610349
907610349
907610349
907610349
907610349
907610349
907610349
907610349
907610349
907610349
907610349
907610349
907610349
907610349
907610349
907610349
907610349
907610349
907610349
907610349
907610349
907610349
907610349
907610349
907610349
907610349
907610349
907610349
907610349
907610349
907610349
907610349
907610349
907610349
907610349
907610349
907610349
907610349
907610349
907610349
907610349
907610349
907610349
907610349
907610349
907610349
907610349
907610349
907610349
907610349
907610349
907610349
907610349
907610349
907610349
907610349
907610349
907610349
907610349
907610349
907610349
907610349
907610349
907610349
919192784
920152996
923357870
944227488
945927303
949508594
958987907
958996716
966100409
974272341
977475600
977738097
981661725
990042692
990913703
993035077
1000459575
1017405830
1033147282
1035784054
1058012026
1065467742
1073858303
1097323362
1116678847
1118200059
1121334806
1126340130
1141703257
1158887868
1161790396
1165406913
1175365490
1192775956
1194846631
1239439034
1250315395
1257658700
1266545823
1267885032
1274987396
1280362509
1289867048
1292048329
1300738674
1336061542
1337399928
1345765172
1353867925
1367968279
1384445395
1423112771
1438113384
1450519537
1451233845
1458455102
1469993721
1508082016
1532188601
1532593759
1552903500
1565322507
1565553739
1565746544
1574909435
1577394300
1597691108
1611482559
1650068677
1658243308
1684066593
1697149759
1700699399
1701082579
1725089022
1730965558
1732441018
1748929538
1750625187
1766924770
1782079878
1813205324
1819235821
1828199082
1835840325
1845118302
1845354794
1852568870
1868975510
1874723133
1899202833
1907083884
1912404738
1915453936
1933913925
1935717126
1943126151
1965598049
1984421471
1987709346
2010987290
2011607388
2012078637
2013324260
2023247817
2031465610
2052552032
2070785826
2073818055
2074604662
2094606047
2095542918
2105082017
2116740394
5563227
1159359368
1233768745
1996685430
1712553988
171555575
1411494751
1887915295
1121478640
227532761
1622222467
240620557
397994198
1824409028
1071021730
454286956
896504407
804301097
1626463061
645323564
1160722798
526616638
1065725579
1636190273
921818476
1056096674
864457463
1209708686
1346199453
1833985426
960269391
908047332
1532713342
1246793229
1855856024
1319706340
1093350164
2066122616
512235122
2021238278
2055410100
855605058
603709494
1832717230
1120535689
1559224480
142891019
682638987
1255812235
966950929
1535506854
952709179
545099421
320730645
335996545
1359423852
758160131
1376844066
1481920837
128169553
219579330
1092893764
837858757
841855520
1443458204
79274469
926139343
662464345
1483020367
1428101087
1817730337
491411737
2082441044
2045631349
1860377820
8120420
1188429179
183810706
1225051356
1512416503
1567720029
1193662360
91054246
1340355858
257448376
1902790374
2018828341
206304587
1322587451
124058860
1998122430
94409224
1892896282
1085064916
254912888
91032851
980770093
1865962326
1525115941
258809795
1161839390
2113309206
1155787509
1331076648
1068072137
272601286
1027194751
441141824
1157086524
1688785283
122888982
1663335707
1888594550
1800299190
1731383747
963218979
1089648967
2137130400
2086636725
1695481565
998150912
1927611267
424265827
990046349
1005690687
1947074519
1125627847
1243778106
572807644
8883207
1123688406
859847924
1046598005
134117458
1401770903
1667959131
137586779
1728590481
1261437551
1022356473
728582064
326994454
385135705
460081877
1654977539
999302029
1947081863
1249058455
1272803760
928186553
710184463
356159615
937725116
2111022926
1384985195
870922532
346457372
1080884187
856360936
422849158
802410583
2064848968
580869656
215649130
1610015421
1235228547
761773880
1983581393
516336123
79801734
1197947610
1246290645
1998861324
1775582447
781428017
1598180314
2038564369
1197245545
184102425
1833005295
1667076850
341475541
1103112803
790555470
384460301
1993468731
1336585070
1306323870
1659959809
984451686
1465470114
666258555
827798427
1409097323
249048545
313267812
1609697487
186679103
42075854
646758315
1652262738
468798209
2121481467
1068024728
1623281870
866137602
1530517448
847624770
1770478839
904434241
937035021
1250014496
161115671
2041687277
2144352773
1066491857
1630122737
2023955980
487187380
1950633296
808450770
503056821
232872308
1169675722
674555016
679981399
1686887306
435844248
167556219
766311516
938218353
1810922597
2037842495
1949611109
808423037
36948290
367136047
735024098
1224077542
177910134
838385514
1105125831
263778714
922598790
1285932190
386893922
2093147585
1601839588
1262956724
785293320
2137818425
765371018
163653996
1753642612
1405808456
807635698
1836527246
730965191
1725504297
931550591
1414996307
609024871
973945295
978215631
1882792432
920866079
81545824
446097182
689926197
1325382826
2008769898
805261199
583028199
2134542979
1549524918
331109657
829875822
1964136736
127500268
1855808217
516214091
176293557
1585863286
1184704885
2014110858
376462745
722531153
1708548333
1567988694
1414147721
1379225498
704459168
767890665
1709171832
1309718152
725598914
1728799932
486713214
423776275
1352080473
1892040804
1739431699
933678482
671238345
771266724
468536976
2025905730
1044380925
1526359544
1832692593
706461630
63531147
468615070
1190947941
1714454347
2046118230
1453452199
544623968
919726662
258717128
1751868768
1657583406
1846435758
1907085556
1193508217
1795340139
2136475823
1822579321
383907239
1288090285
150774588
37797056
1747444327
310447517
1453639656
1547730120
230710729
1347239468
2133648355
1545964879
627076300
1569118271
1071595537
1508326617
1548482731
2142425571
888262548
1869813939
1834666222
1664989528
1767076686
1706507239
1623060188
1435295522
328031503
634949072
742811161
1104742916
270577250
1368960051
2119266846
354111580
876139223
2124037129
1071363022
1895414306
455821344
915159759
812189699
1066210761
1200709559
421727254
1273922878
409849956
1368154563
1466331912
118112012
833695856
1742938764
1894861468
1901691313
726779290
92542894
590259030
1256551717
510523021
1163244182
2101328233
1655037116
2000612668
1145649997
601120577
1270462151
227469736
562961292
2024969609
343380807
912663760
1811607446
663197756
924557162
1988035689
217761350
602874962
691639788
60935705
1944177963
1835335036
20844544
294416547
456582741
827057256
1837138208
261985290
845292680
1229747855
989580257
1762017031
420747887
1993570885
906003701
1545145477
1887772415
867578127
2119101006
1861805994
389120721
864252732
2063762063
1640610144
44662728
1174676693
974012380
2105713226
191686822
454946854
1249991858
1928122452
425817534
1299782134
1234668854
2092431864
310134976
495730363
1651144228
997353462
1409770999
834102842
2140701525
1976992484
1445692204
1118890470
1825316158
1284770111
183184992
1446094393
1436030052
1935858978
1604591196
264592146
1709048532
1384898699
1564667907
1436255434
1428886958
2140962352
2065744579
601018204
1697362787
403594361
1457068101
1187546766
385480944
1967546456
1600089486
1913763468
1760025557
1309782721
1810810097
147054995
1947106915
1670107419
1884124843
1839861286
931600649
108837466
1722707465
1169835401
1210796322
298744882
188465088
2141838338
1756055752
1161263143
1018260465
606452312
686619122
1577948123
1298546458
1941498792
