5000
233104
2103608
2584217
2689600
3005090
3999583
4091925
4108036
4868808
5201348
5307215
5423882
6747017
7667084
8744856
8885259
10888430
11661968
12526862
14973525
15949942
17458371
17897763
17947073
18391910
18436193
19884787
20866474
20958325
21206593
21684814
22609346
23910051
24186681
25171468
25491650
25608740
27067050
27750750
32296130
32340790
34081631
35666262
35934761
37311282
39238249
39322404
39487234
41562767
42611291
44178936
44599522
45414586
46576869
46764528
46937444
48168496
48178565
49446247
49867098
52107031
52555438
52605118
52706575
53377751
53506771
53785868
54661337
54846208
56252395
56622984
57273134
57931309
59028186
59250167
61311120
62066160
63095038
63158537
63162222
63252830
64558487
65623179
66245439
66620543
67499675
69941007
70449633
71343139
73002694
75140152
75625896
76890426
76949063
77180206
77565121
78081215
78236452
78424849
78629585
79009229
81390223
82086034
83899898
84228408
85038636
85282111
85572228
85908545
87599454
88125980
88182447
88483759
89407265
89494915
89719281
89841310
90962523
92053173
94011245
95031145
95467297
95821618
96538279
97335940
97595402
100141442
102524659
103061839
103545812
105227825
106950613
107009683
107367616
109814516
110244888
110842838
110870695
111384004
112373451
113552975
114414918
114464160
115155140
115919081
115970996
116339545
116974277
117520139
117823345
120307915
120344065
122312611
123101764
123751444
125365039
126325585
126430786
128982206
129118312
129279748
131517656
131659362
135807036
136596369
136842066
137228699
138093909
139352398
139853595
140593980
142053395
142178193
142983588
143295178
144615700
144877970
145663747
146418026
146519994
147111377
147153475
147768909
148099516
148361965
149068240
149653875
150220353
151124993
152119402
153056409
153134601
157501581
157680902
158289172
158868703
159992161
160150228
163937987
165058169
165782884
167491350
168396007
170144328
170385404
171619866
172432526
173195938
173848125
173862150
173930294
174408291
174659255
174876571
175018539
175895663
176025199
177120852
177413158
179083197
181476986
181954052
182337650
182607919
183648419
184462554
185009646
185081143
186219524
186296146
186436328
186973296
187661574
187709162
187737397
188612745
188621581
189124949
189713287
190103298
190877677
191560653
192506566
192577397
192945850
193292492
194996051
195814258
196643427
196906618
198472188
199290226
199771314
202096870
202670773
204770179
206979062
208279316
208905508
209132539
215077167
215155686
215890192
219218279
219261540
220548140
221160764
221795611
222534968
222755674
222771810
225194189
225504689
225677470
225951301
227876153
227972228
228480227
228859907
231028127
231210599
232829062
234550516
235648921
236395654
236612318
238294839
238328276
238413404
238533617
238583835
239296713
239322793
240153385
243482217
244435146
244983627
245206082
245641377
245740835
245830652
246358067
249789600
250079107
250480716
250874654
252202748
252426068
252534096
253955342
255051999
255340337
255350585
256723723
257009828
259606180
259632613
259792734
261332547
263918357
265435108
267625213
268313801
268751573
269706918
270127055
270246352
271135761
271153004
271207395
275261736
276417981
276514296
276767852
276785168
276951260
277036881
278570185
281587781
281893329
282441047
284819190
286736585
287405085
290979185
290992158
291031588
292317866
292473822
292594060
293989039
294927921
295254254
296240106
297290375
299824240
301869434
302557465
302921200
303386738
303498200
304265441
305080656
305245172
306567935
308239294
309153892
309234270
310546331
311896427
311954085
312096211
313954640
314257278
314539966
315681380
316964593
317934273
318670299
318846905
319868726
320548139
320760174
321116015
323669070
323789602
324284348
325023765
326256566
326339268
326701782
327065254
327236467
327841880
327943672
328488241
328542243
328752766
329315961
329981639
333814633
333925742
335465124
335724920
337163070
338101997
338723883
339585179
339639323
339823292
341066614
341144371
341498098
343644584
344549941
345336842
345686699
346020133
346729201
347220283
348576370
351198541
351866524
351893008
353969461
354309333
355263324
355521737
358717001
359918977
360784360
361286292
361383814
361999948
362014746
362815184
363269774
363481449
365993172
366175495
366414353
367330373
368483010
370210962
370459194
370852273
371346744
371436911
373747603
373897790
374018945
374024656
375850527
378435573
378617669
380045493
380596499
381227208
382047120
382434032
382698033
383647191
385643848
387105092
387302721
388307326
389950150
390455350
390747976
390839202
390885800
392996007
395539225
397341966
398035345
400673725
401655130
402097871
402903851
403127001
404289499
404447976
405661208
405806703
406323920
407482924
409208365
409212614
409524176
410355001
410506690
411029270
411960901
412054016
413378190
413392997
414312271
414323741
414748835
416761155
418409748
418997030
419269238
419406582
422222415
422879499
423506094
423954076
424059740
425638501
426721764
428778377
429003843
430258426
431060382
431241255
431391416
432255221
432418977
432775000
433116822
433201121
434221268
435129883
435919306
437618555
438258150
439006455
439890208
439973139
440920154
441020520
441888669
442840200
444034588
445291966
445627025
449544839
451089367
451773846
454054170
456391847
457824822
458350151
458573571
458854530
460051510
460491070
460965638
461310971
463313831
465164427
465733015
466209890
466996646
467146068
469309793
470258523
470336792
471078811
472374468
473205118
473501351
476272024
476467408
477048895
478498466
478630774
478739174
479294648
479496379
480703208
481908118
482470268
483262179
484204697
484326538
484379768
487318632
487718711
488163024
489379948
489695104
490104454
490674743
490736440
491379963
492022825
493476430
493594651
494116532
494464988
496903002
497746347
502225987
502355258
502723404
504037245
505036745
505117688
507793518
508009562
508237206
508254383
509253746
510125625
510609149
511246486
512343400
512623320
513911976
515348332
515752900
516889282
517625030
519229448
519708741
520459394
520494814
521207691
521294917
523687715
524633987
524636465
525102731
526333077
526399976
526545896
529326488
529672033
529733293
529867222
531055952
533630821
534981099
535367392
535414769
536444651
537082009
537641285
537688906
537790033
537965554
541198085
541276188
543249434
543735647
544056991
544849139
546397022
547758623
548573924
548616214
549781793
551582666
552160445
554145274
555160664
555249274
556924815
557628528
558496922
558871297
560664071
560742479
562916475
563005408
564355494
566202898
567112935
567348719
569515497
570845031
572576366
572941899
578296541
579411823
580802005
581084991
581543639
581601977
581684299
582012575
582976350
583577782
584569939
586967868
588200980
589084766
589235873
589833918
591570179
593509569
593745457
594641910
594883146
595672109
595884030
597693756
599546309
600321365
601287198
602527553
604648024
606120996
607140423
607314624
610591033
612059314
612283812
613182755
613239694
614317631
617663172
618943574
619450583
619730108
620585775
620776183
628660368
629021664
629043357
629247924
630703380
631138284
633966225
635028837
635726588
635732721
635873993
636223245
636469904
637248226
639678088
641258632
644221314
644977394
645475785
647069055
647818570
648149253
648609741
648878884
648953936
648998424
649693498
649821422
649828508
652029656
652638927
652878011
653406283
654611855
654674182
654934288
656415188
656571629
656854452
656924962
657451458
657507084
657867573
660056800
660140727
661474165
662994057
663090737
665542162
665972313
666898076
669493786
670064597
670665319
670738567
670812648
672066829
672727655
674014392
674367474
674732200
677070669
678474182
679687174
679959925
680912208
683000302
683467549
683748634
684601858
686201605
686588073
687198788
687504127
687695154
688013824
690162098
690750468
691610311
691831880
692122273
692134482
693938946
694008182
701999535
702194524
702532209
706603625
709427555
710543536
712666470
713667690
715136182
716671851
717089196
718150025
719054161
723007949
724286861
724407107
724740262
725078953
725742217
726541492
728254022
729986793
731010160
731835268
732234855
734172646
734419318
734556857
734644097
735318944
736855915
738792589
738943033
739601734
740960369
741959368
742822492
743115621
743631030
743772862
746038760
746570077
747235542
747476730
747843709
747998208
748181934
749577770
749633237
749878206
749926375
751122859
751199961
751463895
751858058
752580905
754519900
754890803
755089980
755905031
756892273
756905937
757298934
757811016
758506241
759541653
759972288
760506429
761445692
761719706
762692971
762899432
763217957
764237259
764769328
764949358
766104515
766488134
768262147
768909885
770177112
770210372
771389877
771956904
775297590
775423337
775855148
775898361
775926333
776553251
777883374
778930904
780449490
781152429
782121153
782708289
783347170
783433633
783492334
784118100
784504215
785443922
785824856
786502534
786533677
786810459
786892597
788468401
790616197
790877494
790970353
794062147
794695359
796484306
796863316
799620039
805863176
806931266
807387845
807418770
808234673
808586672
808943990
810343970
811269253
811421749
811682585
811744188
811932757
811951373
812428011
814147517
815545118
818286674
821703186
823375619
823694278
824093772
824408557
824949740
824992190
825096064
830243292
832290448
832472613
832708214
832717253
835623641
835917016
836644864
837523927
838060093
838809639
839163198
839266844
839354747
840595601
840619664
841230728
841418272
841498675
841677317
841717259
842350552
843966376
844325337
844693359
846905158
847208950
847257694
847569292
847872305
848049492
848467526
849910022
850058919
850994502
851597301
852486114
853737401
853768182
854076796
855167763
856873364
857038765
859501174
860307825
861874169
861951600
863111596
863556922
863677873
866824399
868353971
869324947
869601725
870967496
871753015
873587690
874072292
874463775
875153155
875512975
876063828
878057460
878141816
880753896
881041057
881959122
882109441
882250288
882797266
883378452
883760428
884148146
884425767
884935287
885253612
885982499
887153247
887480150
888233070
888899251
890324730
890740724
891553241
894727588
895175101
898040238
898880832
900374053
902293402
902483505
902926647
904921999
905613260
905870991
906147808
906287385
907866189
908132943
909116219
909363780
909750555
912865000
913290793
914947941
915021516
915176183
915387200
916267760
916577883
916608717
916697335
917085013
919263626
919308302
921329776
923932028
925094220
925620691
926252217
926511170
926660551
928817638
928837062
930113680
932657041
933134048
933951597
934673159
935472064
936910041
937157278
937336483
938236762
938687067
939910717
940342908
941640904
943457561
944595487
945341539
945515105
945906796
946246385
946830074
947038140
947962703
948254404
949452771
951160870
952086150
952479762
952924680
952991850
954327805
954969616
956852156
957678972
958120339
958183176
960102700
961432466
962136539
962859695
963311194
964117639
964847028
964871600
965183007
965808871
966514856
966922907
967034139
968786631
969063032
969939977
970038678
972548509
972860790
972968032
973335196
973662761
973764203
974284597
974565079
974578451
977095965
978395129
979121116
980884721
981999614
983290791
984255196
986241653
988745331
989689841
990564127
990941594
991017601
992041438
992936419
995203639
995601304
997707437
998084662
999054339
1000500395
1000766514
1000983624
1001006247
1001461993
1003048743
1003190845
1004724268
1004955389
1005030067
1006075222
1006159217
1006454792
1006551050
1007036167
1008047263
1008502758
1009008002
1011096483
1011230436
1012236882
1013084958
1013573436
1014023315
1014507088
1014991008
1016895187
1017765693
1018227482
1018598648
1019287631
1019687873
1019884015
1020549253
1022101144
1022452149
1022465244
1022693715
1024279650
1025452506
1026473385
1026494098
1026641229
1026643719
1028698022
1029163969
1031053705
1032354999
1032888359
1033219164
1034294865
1035652331
1036815025
1037060470
1037072237
1037626210
1037721278
1038029348
1039136534
1039534137
1040330323
1040367796
1041759156
1041886563
1042753861
1044176993
1045042164
1045262960
1046125546
1046144308
1047571178
1047754605
1047817059
1047829901
1048657166
1050996505
1051275813
1053105257
1053548033
1053960469
1054031095
1055685303
1055913386
1056004543
1056107580
1056509806
1059233794
1059783373
1060893419
1060957631
1061393276
1061813949
1063788281
1064447046
1064541100
1065364175
1066405664
1066507658
1067256317
1067813417
1067929642
1068319289
1068591255
1070939562
1071583730
1071783577
1072019657
1072473989
1073078975
1075644470
1075880294
1075998484
1076143461
1076667389
1077696547
1077702926
1078928095
1081531629
1082551713
1082564714
1084678287
1086163203
1086460934
1087638969
1087853789
1088227867
1088915797
1089189771
1089374035
1094950968
1095047215
1095808207
1096857927
1097408369
1098664207
1098766567
1099579553
1100714974
1100996115
1102167320
1102449545
1103890289
1104336035
1105287002
1106115700
1106701628
1107460850
1107502877
1108593242
1108614045
1110029712
1110296380
1112016447
1113102036
1114423749
1118024679
1118050945
1118172361
1118530283
1119406655
1119626933
1119693845
1119778239
1120247288
1122095044
1122763771
1124753446
1125192311
1125751470
1126349012
1128496034
1128723655
1129886764
1130288443
1130847109
1132124117
1132986314
1133080351
1133389775
1133469480
1134666919
1136168982
1137903631
1139240162
1141942302
1144599370
1145045718
1145330487
1145761089
1146198073
1147164918
1148261524
1148277624
1149365818
1149678990
1149769593
1150141784
1151532978
1151961631
1152972178
1154335446
1154354784
1154831860
1155189494
1157304248
1158176370
1158619970
1160095382
1161042058
1161189312
1163203024
1164235486
1164986322
1165249484
1166081836
1167729997
1168412828
1168701668
1170401462
1172261347
1173526440
1173729320
1174026220
1174048964
1174456104
1175715584
1175870035
1176235794
1176949038
1177011553
1177105395
1177426405
1178034587
1178049509
1181481451
1182421659
1183280745
1183690814
1184930143
1185013294
1186520751
1188810980
1190385230
1194147180
1195250867
1198630119
1202045344
1202439575
1203302109
1203649997
1204324014
1204355123
1211828017
1212430843
1212803996
1213014147
1214242662
1214628547
1215362609
1218712508
1220664471
1220773027
1220877892
1222388831
1222699321
1222920125
1224001167
1224243040
1224549696
1226122420
1226702532
1227156244
1227157437
1227266940
1227843429
1228131299
1228152852
1228349178
1228390317
1228765942
1229442257
1229983640
1230301869
1231147285
1231440599
1231686494
1231723641
1233015578
1234946075
1237879304
1238409078
1238462069
1239061931
1240083852
1240221194
1240601517
1241133429
1242593583
1244098020
1244722051
1245952303
1246159191
1246196081
1246908199
1246989639
1247105726
1247836520
1249273584
1251051271
1251503058
1252802258
1254784241
1255444667
1255572879
1256043501
1257725183
1258101903
1258448765
1258912765
1261062003
1261340092
1261980434
1263116836
1265813843
1265849877
1266511290
1266822059
1267153887
1267189224
1268906389
1269061971
1269658542
1270084080
1270910180
1271225467
1271730290
1272148545
1272366738
1273146480
1273372476
1275158046
1275617254
1278434964
1279037399
1279851676
1280191583
1281259021
1281325039
1281660672
1282545083
1283342065
1286352288
1287676955
1288277492
1288450848
1288508591
1290758937
1291558461
1292432760
1292533665
1295183033
1295187666
1295405213
1296152367
1296959283
1297200271
1298040898
1298922366
1300837101
1301430799
1301837478
1303595959
1304800993
1305375727
1306257102
1306502189
1306593536
1306595272
1306646249
1307440554
1308816631
1309620221
1309886368
1310566482
1312351770
1313898454
1314424083
1314986539
1315042198
1316423737
1316502907
1316704155
1316778674
1318147917
1318336260
1320044904
1322352861
1322969550
1324856470
1325469255
1325534045
1325973788
1326604849
1327171763
1328812057
1329465701
1330974001
1331125373
1331418781
1333333224
1333449241
1334488724
1336069267
1336708301
1337033884
1337107983
1337935894
1338577956
1339112823
1339122171
1339528847
1340333011
1340909769
1341067816
1341916368
1341965855
1342808671
1343649824
1344100479
1344555077
1346444124
1347314481
1347482380
1347649136
1351174358
1351678785
1352213952
1354546896
1355632973
1356313254
1356403039
1356861943
1359146445
1359835749
1360031225
1360724603
1362090134
1364402020
1364610744
1364829675
1365065405
1365516046
1365867110
1366577161
1368706427
1369498943
1370537674
1372345570
1374377193
1374809931
1375095002
1376177749
1377582510
1377932086
1377946703
1379135706
1379305686
1379720276
1380864073
1382658784
1382984868
1386396127
1387191053
1390260028
1391294394
1392899701
1393735416
1393765804
1394638834
1396384520
1397131413
1397429279
1397961157
1398487086
1400049405
1400257123
1400544457
1401910376
1403365064
1403970808
1404027825
1404449682
1405098990
1405305730
1405321579
1406687993
1407437587
1408019123
1409585727
1410308529
1413133688
1413791705
1413940678
1415067926
1415906058
1416932009
1418173665
1419097110
1419483271
1419514118
1419841629
1419880713
1420486959
1421879328
1421986501
1423977278
1424654641
1425454531
1426253000
1426778354
1429056025
1429218763
1430709534
1431791538
1432405542
1432431510
1432450362
1437384095
1437555939
1438536229
1439061399
1440253841
1440263859
1440882247
1441845042
1443042083
1443242457
1444625222
1444700595
1445412127
1446202684
1446586660
1447120003
1447907532
1451040383
1451566585
1452633164
1453097157
1454054512
1454075974
1454776628
1455093968
1456177276
1456311672
1456637156
1457850540
1458030167
1460187646
1461699973
1462172154
1463175947
1463274775
1463495393
1464469991
1464790215
1465542522
1467160548
1468181964
1468482027
1469366188
1470014897
1470142600
1470448183
1472288817
1473174147
1474421840
1474711321
1475963137
1477510421
1478211236
1479057927
1482228302
1482780915
1483498614
1483653663
1484674425
1485908247
1486467432
1487657144
1489312298
1490185320
1490367655
1490414922
1491263335
1493588146
1493613720
1493662671
1494702008
1498764487
1501632079
1501750375
1504988073
1505054770
1505723026
1507305734
1509662054
1510218865
1510429240
1511240707
1512369703
1512405042
1513017942
1514282464
1515042586
1515234669
1515621948
1515953295
1516242043
1516604894
1517113077
1517804490
1517890234
1518022879
1518439309
1519372289
1519709956
1522080422
1522241254
1523395130
1524003557
1524946795
1525660322
1526626265
1526963568
1529250823
1530846109
1531141657
1531846707
1531923908
1531932555
1532628208
1533759646
1533953321
1534484655
1535448916
1535890308
1536764836
1536998309
1537523057
1537951111
1539889851
1542263310
1542417624
1542506688
1542791130
1543381926
1543822709
1544053374
1545279696
1545575218
1545876153
1546864191
1547131867
1547504177
1547635297
1548415426
1549020964
1549648016
1549933430
1550168735
1550253293
1552897347
1555791761
1556656466
1557057088
1560085190
1560252119
1560380840
1560559218
1560642051
1560887378
1561298754
1561540351
1562505783
1562530732
1562846187
1563179286
1563585497
1564770830
1566114531
1569276974
1570371326
1571617498
1571675124
1572347671
1572609652
1572698691
1573381034
1575071305
1575489300
1575562016
1576833602
1579322115
1579749993
1580106028
1580818755
1581452414
1582305385
1582701919
1583321529
1584424732
1584705700
1585772133
1587074287
1588878898
1589221275
1589910675
1590381926
1591433211
1591759538
1591991955
1592439944
1593041197
1593500075
1594294559
1596012882
1597452164
1597520093
1599764039
1600165942
1603295760
1604659365
1604952635
1606471441
1607336481
1608104294
1608337577
1609254963
1609934894
1611164995
1612732842
1614164399
1615578825
1615743073
1616382325
1617231385
1619180258
1622722612
1623277155
1623504034
1623504580
1626163072
1626887541
1631171304
1631472230
1631564193
1632086597
1632787183
1633519137
1635177866
1635832290
1637077948
1637856704
1640135751
1640673167
1640875348
1641130080
1642627771
1643308781
1644331012
1645031475
1645482461
1645531550
1646514170
1649224987
1651022408
1651203629
1651217338
1651221167
1652155381
1653115928
1653952244
1654634948
1655400194
1656818651
1657103422
1657940073
1659333196
1659717935
1660365010
1660413673
1661030162
1661157237
1661221696
1661373991
1661780203
1661796846
1661989803
1663439554
1663908134
1663920565
1664532923
1664658037
1666437642
1666748964
1667596644
1668290871
1668464666
1668535690
1670105892
1670546554
1670772214
1670951471
1671638780
1672283158
1673374066
1673566948
1675463410
1675814987
1676940649
1678472947
1678961532
1679648257
1679813749
1679997295
1682931422
1683826033
1684363375
1686656709
1686829184
1687300828
1687995757
1688728405
1688735721
1688950962
1689448755
1690088213
1691273173
1691608441
1693582977
1693934401
1695351528
1695555756
1697754085
1697979062
1698447600
1698598617
1698757519
1698946199
1700909995
1703158551
1703460860
1707945557
1707952406
1708143315
1710294122
1710940267
1710958967
1712728561
1712999413
1713248708
1713388961
1713644313
1713664212
1715511270
1717573690
1719254639
1721928538
1722602253
1723064863
1723903543
1723942107
1726008178
1726446128
1727610159
1727965075
1728250411
1728518679
1728865695
1731258106
1732270901
1733225566
1734049958
1735415634
1737025688
1737410976
1737536453
1738700891
1739127356
1739360926
1739864199
1742216721
1742374812
1742665012
1742836041
1742922605
1744412871
1744566625
1744866164
1747238481
1750998029
1752065143
1752239194
1753491528
1753598802
1754119840
1754542969
1754928902
1755898753
1757216365
1757524591
1757946397
1759003182
1759153432
1760232572
1760255041
1762062730
1768542518
1768967646
1768995707
1769177535
1769594194
1769974240
1770295281
1770468207
1770895810
1772441978
1773484559
1773675656
1775161740
1776161023
1776566805
1781358818
1782271259
1782702966
1783113134
1784404545
1784917837
1785094549
1785630047
1786349942
1786350105
1786641299
1787851186
1790943765
1793686370
1793871866
1794005381
1794761487
1794775002
1794784854
1795759208
1795955363
1796853635
1796859833
1796958317
1796973045
1798188677
1800180061
1801098803
1801273055
1803999331
1809545082
1809655981
1809766707
1810695430
1811315570
1811326927
1811488252
1811638023
1812725404
1813974626
1814313617
1816218250
1816497830
1816933607
1817275196
1817873906
1818196490
1819461926
1819668179
1820074071
1820525865
1821043494
1821309434
1821600845
1822930299
1823017534
1823541880
1826356070
1829467095
1829475488
1830015617
1833463025
1834706532
1834769834
1834827278
1835002506
1835490047
1836861060
1837290018
1837617750
1838115527
1840588628
1841965709
1843234747
1844027017
1844296487
1844686167
1844782065
1846612832
1846836348
1847155553
1848892927
1851905406
1853577533
1853899854
1854890773
1858098573
1858365337
1858460554
1858823073
1860515415
1861289062
1861390373
1861532138
1863510874
1864598195
1865069739
1866569834
1866612902
1868121468
1868711063
1868893697
1869211709
1870708861
1870871837
1872391278
1875022817
1875370884
1875515805
1876666291
1877836977
1878100355
1879031789
1879196743
1879403736
1881140604
1881220938
1881598695
1882070004
1882321757
1882402846
1882533088
1883219811
1883594267
1884278753
1884586970
1885711029
1886812858
1886993212
1887319465
1888032368
1888415230
1888498791
1891556210
1891680318
1891696769
1894144834
1894378043
1895356465
1895690144
1896154715
1896661777
1897268977
1898594769
1899037346
1900774719
1901551264
1902251238
1902385182
1904485372
1904568984
1905171879
1906636701
1906782101
1906998883
1907383184
1907738636
1908169117
1908648342
1910173319
1910447010
1910902865
1913244732
1913669092
1914792339
1915063956
1915620261
1915789635
1916317280
1917365235
1917875018
1918196973
1919564053
1919815700
1920172804
1921070541
1921303045
1923377651
1923460657
1924866495
1926445929
1926834842
1927496795
1929304364
1930966554
1932043763
1932806822
1933417781
1934914919
1935091616
1936997593
1938152088
1940640914
1940899658
1943589267
1943961308
1944548217
1944943694
1944965524
1946109307
1946251044
1946654803
1946740957
1947954483
1949110876
1949886701
1951719202
1951819634
1953993344
1956435774
1957079373
1958130708
1961092643
1961902254
1962175863
1962559871
1963429738
1963959939
1964814299
1964911582
1965034873
1965829169
1967503323
1967559720
1975322262
1978987167
1979542839
1979589554
1979801173
1981878354
1981930909
1984360854
1986297472
1987827191
1987938710
1988332002
1989521806
1989809806
1990681716
1993713162
1995326699
1995662435
1995706069
1995726550
1996107501
1997065213
1997435402
1997500201
1999379317
2000335565
2003818365
2003900348
2004524186
2004530593
2007738646
2008682123
2009102013
2010662999
2011199692
2015203632
2015507381
2017656778
2018055171
2019541081
2019798078
2020505146
2020934283
2020942494
2021160603
2021719036
2022062871
2022669849
2023274190
2023977208
2024248432
2025898055
2026022551
2026455739
2027230639
2029042081
2029294905
2029446400
2030344812
2030526726
2030754716
2030760962
2032335078
2033530427
2034486460
2034908095
2035436983
2035951736
2038156350
2038298437
2039143700
2039460748
2039857296
2041104118
2041601470
2041781735
2043342185
2043483448
2044330125
2045596892
2045859382
2046370277
2046409795
2046842886
2048283113
2049000834
2050425775
2052161714
2052178884
2052290247
2052596314
2053135812
2055458562
2058120350
2058359680
2058817860
2059875507
2060784551
2062067519
2064265719
2064656768
2064714983
2066461912
2066653800
2068893298
2070281908
2070767367
2071046557
2074682361
2075364435
2076418563
2076462903
2077763971
2078132053
2078226025
2078292919
2078903341
2079123327
2079436308
2079691865
2081024397
2083178939
2083301487
2083421516
2084297404
2084406796
2084975272
2086593758
2089833349
2090170426
2091265377
2092150710
2093480727
2094556378
2094713618
2096073152
2096132232
2096760835
2097100972
2097582307
2098124364
2098579342
2099235330
2099652247
2100637031
2101641064
2103048574
2103231123
2106039634
2107326862
2107553359
2110521050
2110760061
2111841065
2112452329
2114061000
2114245405
2114342229
2114385587
2114519411
2117756744
2118058358
2119336552
2120322660
2123194438
2123653398
2123805193
2124097944
2124894951
2125878469
2126428860
2127026851
2127319472
2127344885
2127962458
2129098491
2129739167
2130084012
2132678096
2133156156
2134540467
2134648961
2136024979
2139366053
2139890941
2140248588
2142490903
2143369703
2144369110
2144373437
2144696320
2144974754
2147262882
2040865582
1219026790
1189267150
1382687421
906940560
111065514
514804555
108542122
1053828151
1392097048
140751671
1233839150
1032498618
1536404966
1014892034
1975290964
765532975
738181648
605929217
484896045
2094871597
512538214
672854581
18057765
701662128
1002679619
732178524
643155558
1230267955
1140966369
1340279720
1125280657
1851006717
1421782177
842508670
1683532019
2025594108
101917265
1379006196
1313617748
1841599476
80588921
1543297637
895896593
1326189434
533045025
1733443538
1222387964
1845943746
80290813
827963775
2040617512
1344681594
2093132977
1356322932
180605219
1037522522
73813614
1487346179
1117579373
1264545349
1715509931
459965695
1849790312
305016165
363219766
1486082388
1351880506
678679082
1273681957
655658003
905463664
1058678206
1302592847
1229682011
2030423796
1817588542
255746819
1222009286
1923953541
1225890708
587020038
505904348
846618363
2035665566
1869187405
2041927519
1887132773
854533268
1917487787
2077629227
630317969
217274332
1007498024
110732773
1364877509
75976509
1331900445
2028726434
1207312819
1881052077
1735490652
1268494610
1518746501
581814065
1055945664
473916040
90037557
1432733011
209582066
572602182
850650667
1087122190
471778654
674213054
1375077006
1847714475
1923645705
347058350
444103198
1536775461
799350558
27132674
752318754
1985068589
1889319178
1094220104
1654818667
476623972
505094094
113581267
1994875933
1365108967
1818607468
200966925
1806815391
1727507957
247325859
1424855268
952341579
809297162
1843465283
1374436112
1813627252
250338846
524520249
191454008
837009250
1596576900
859789035
56850582
2004992406
1741462565
706704992
2006232634
1111138091
380101125
1743241697
543805458
47930974
269512393
651777628
112510449
1177506983
1298056176
143780159
594029438
201289563
786941316
1918399786
225727244
1341669306
857732442
1998914030
513928542
417777160
1456686077
1209320339
1261702365
1178118077
831294799
43079411
333671638
939417549
490973299
1156064519
1691816424
1675151888
767169446
325062334
124249570
908418106
1321861019
799818118
1442962653
340483400
1608068192
720405449
341579557
703826068
864797200
477217504
1890651830
2017265798
1861931797
356008095
538612123
810379156
701185618
1583910637
578787847
1733907266
426329872
1320712312
820852392
631204016
76680732
282874524
1890814057
448847693
1820607987
1611435053
1472663454
1305639703
898583275
1384097221
979129043
54638740
1337785911
14022087
1593498686
663853865
1214362890
112511142
1189154234
1632391856
1506333367
260184686
647312310
225838468
1063527427
1199071608
809972208
304061523
1498420848
418463967
114949444
1367506655
1314360391
1438298495
1406874833
1550364761
1561449076
1024453992
1621845545
348143444
1501408880
1246193910
373036179
1114294860
1896310180
480390133
1525936258
1160975732
482711082
1879420455
82623462
1378089872
945345809
1342991357
1602607129
1278116429
23901262
129068445
294871645
1662963886
2081849944
700948237
1889215464
1498582553
988756255
797917299
1708152425
1356413879
1709151448
967124264
153780905
1172842994
219804345
579753575
785028586
1983401381
1785841733
1410556059
1143704380
113390363
933836052
1172033688
1650183932
2037527766
954928100
1331282669
235699790
1446525462
91072147
1641217965
1670375687
2097937825
507024682
348719078
438671283
436893230
617927517
276861327
1758743487
1236868701
410554747
328675018
713087442
1901887434
1875501290
785210364
743576933
1090171038
174159462
77866973
892674188
854319774
476777776
942594275
195116006
107183873
1848057325
1243474714
1916149241
1055523075
1961397305
1330523685
364357584
1282036691
1487235286
1401284369
2080716781
983230519
268669168
1512080582
216863076
537969373
745098141
887310130
894910142
1926776653
1429293858
389796064
1477324298
183549872
1136181612
379763760
368115436
15745845
499928334
1339482474
610869017
1903736059
733086960
878853881
504653901
1305192104
1965721470
992320842
578388892
1471121522
1160192343
201194041
1328986709
302205716
372643657
959628547
874800459
1098267051
952380192
1458265853
1990811807
1778819989
1507705236
1842350499
1965614247
1337707528
844122653
892456889
1497142775
412727526
339349672
1880854519
562616993
533303610
1784514339
575881571
132766768
175560543
3515223
1098294492
1413581079
445607992
1058044455
1388558025
789934226
680630628
1861060874
750790763
2073927616
694367655
811039787
1066992600
1456175750
1222189038
650078111
1613499288
1806522747
1104007543
796065121
643367837
503073814
518473659
1645630934
677218025
340017075
212994858
2096822504
1089177458
654929578
1547726571
171062686
1717443916
752196885
2084299953
1076060207
1384107662
1154610930
883666218
1928706921
1659053429
783308555
992127775
1628479117
169438404
187940106
1908400452
1818128819
746247770
881771910
155843423
1477844668
339473874
1820833886
1113152252
2019850347
203290253
52799794
495391547
251631010
767084127
1038589548
827450420
2002594615
96494874
439193833
629456492
770815922
1481842350
956522191
205882695
674299548
681298017
192965915
477826435
1387536912
807957211
797745296
964781651
1583673507
888311231
540545473
1091937901
1952538492
616825237
1078194190
742737944
2021668444
695275474
1036368191
325320
1172685946
1875265903
1124028349
130818984
1798893207
1723347583
1190880392
579158304
1517727124
629014002
1923821080
1147102328
1388127577
2145329278
298742216
143657626
682100954
803026192
1673971196
250631825
1153651008
1930126340
1892908445
1289488457
27531275
1009154820
39215734
1968845356
1955865316
696181383
1229595225
571811494
446459333
334147113
340791286
340257253
2102182857
986317155
606152892
2096718123
1482329638
556437019
1893179295
1546697113
48831256
368166438
872936459
1982273756
13717534
769843709
174243988
1498495455
1672383816
1488823576
178386988
262936104
1793238049
1166387545
1244738999
1690150766
1597725293
833477363
218210560
1710296491
884509142
1063345060
281513086
483962061
1429788038
105544736
68885530
265416977
539597620
193758059
906488761
1107614309
1285439167
690590949
1760451455
2025399466
1125536465
1855404479
173040466
598254024
336946114
138960859
1200432924
67290103
1368362799
671187070
2056971446
1327343516
602348376
431243474
151758893
1548625662
249699594
518030120
633521902
378685088
1566227955
1886178406
1994356275
1221151549
392869664
1595711970
1355296054
101735849
477431131
1186113525
2066803221
1213745122
467102601
1540685222
2086194275
701675356
1225002615
693226516
959269437
1281689630
2096632000
34860377
1782804255
1899270841
848095679
1095111814
1609403108
1681502191
122529617
2065939093
1722731355
1571354631
3392411
1181676855
514134529
1732317022
1616386375
937670075
1185948839
1446409266
285649622
1287245909
991732685
1430652428
1748445584
2106188387
1735266808
1801315796
1637611613
1187959739
883867214
1011879399
734058400
25976785
652645154
1808118049
2146444493
1862291545
2107325437
1518313335
1891527691
1705476096
1472508963
856593113
30080703
907718276
297236444
605951386
857490428
78868379
543435654
275086087
1987055865
929728558
856858734
199405556
1334690372
1674389289
835069935
1214764400
418238771
625047566
1831924285
678410956
1062255569
1297790672
2123905372
1004406770
1843117970
1979597462
130400863
1213984501
195378160
218238857
38400523
1152495961
1844604234
1189432746
2018375746
1189475010
581223147
1861805073
373641474
550069690
104179495
745600160
734808875
1901791875
269441177
1602333963
981982761
772436932
808870009
1106755753
1888074004
1641417156
723211530
258742690
34005655
302393483
1380959979
1938593924
326188384
1869902744
1179728210
2122996366
759128457
471629972
322798327
727789567
2039882904
1883026820
565257901
1969371426
60105571
877017707
1856332188
732660100
147068802
31677517
1975567410
1116793603
943010841
753889827
472805089
745636923
1352684616
1308453970
953328510
216777303
1243866209
2053554765
1885244418
1329205488
1831740722
1888234909
50780197
911763120
1706936495
247631192
114136058
581830035
1324353454
1887983870
126535018
665236996
838325490
96302463
1500309450
2095426723
1252606308
772027015
361845931
2018357660
885503608
597465946
2124104697
59494751
1348384202
2045839870
1070022973
848047233
280879892
579288738
1562447715
628710489
1117645383
226491772
1306189520
1549423006
765758320
230587769
1428134395
230054246
1051147922
1442644832
1441316794
595818598
206930625
1106989882
1528112813
1235113618
977645824
895980771
593485433
1795615763
326437450
1760987712
300852630
1253647372
1089320487
911334334
942781134
1188171572
149177151
1106960808
1039466095
527190320
2117664365
1338500824
1292146643
1753990437
809252290
1089301579
593547578
692603131
1219455977
1960162118
2045572246
867033699
1558834198
25872386
1045494808
920038302
1201483314
541325657
1319588507
1260414580
1009152052
2140177605
1761403632
848769129
1676367729
1874456310
402100680
2122575298
124689522
1860240429
1993957177
955962404
1534960821
365467136
602924332
1521401378
105175217
300830638
884027828
1563835250
326691117
1729401687
2010474911
1544127279
1954787805
1913806829
341310237
472332122
1386415142
1281721644
487207651
143844346
1672820347
235665505
870297467
578408152
1794824342
2057410232
112085230
473302191
510495649
703202978
1129941805
734026214
1632510330
1350042238
1995163511
1903465119
474365674
1204585254
1136023709
2020855333
2061704426
1417643437
2182194
168912559
2087481426
859985743
1215438291
1006906573
907634051
1029150516
1099429474
1161870730
492556939
2002498235
624119861
1272371879
112013527
1415673517
1253475106
341529472
2009531120
714217471
1566932014
834396137
627659649
636046679
2010422834
668869140
1754227582
499981011
77341166
645370527
1950029939
1405247906
2123890083
747444547
1668650126
1013721509
1629630112
186858546
910490708
1796344481
1836582641
1661988956
728586963
409331947
1251911888
1985811957
1498203272
1056631429
1262150160
114274054
753645160
655654114
840101241
2024062109
123413836
1894622297
29427963
674535331
349135604
996772824
240922721
1181497252
1790514202
483847603
1653576079
1067283926
2057524538
2033226172
1672481740
987148597
1695296704
38675732
1482966330
519901228
2016463000
1254207693
1916700946
1738094422
2080384060
1833639613
1590641241
2030899631
1225012799
864389004
59118273
1463369397
1866729935
1541418522
1525865493
2119112024
2046985520
997609700
1421395771
790633969
1703792994
1101901060
1899627339
397306624
1005771045
1150167778
1369538199
1098782047
1017983376
244384783
1386314817
1743043016
1499541185
2068098750
1512864555
508195405
697707716
1112870192
1574235221
1172828307
2120443583
804177516
1696920841
1565742527
170040951
1725012947
1263365729
1216989414
1306827070
1527307621
587153556
602457727
121622084
1845417491
1972941263
2076297561
1871327624
1505366253
1185768864
569053088
1330569925
1141513264
1942009397
1895468273
1362844713
270512489
280521924
1005371503
877516325
1646670326
966410193
1037291490
485826084
546167894
1098687180
1571037354
1113368813
1364623780
106520500
1436165549
2065673410
1552364468
810786273
1101150096
15593626
89067248
157135177
1713517676
1335874262
97192049
1419195823
323329932
1072540214
205643780
953822437
2075757451
1383633442
1774329978
1206018004
1593932842
1518262816
1042454858
1367206180
559244360
1831519248
313405038
1768571222
1055370027
1536603216
51912490
614858748
239668272
1572809379
831021930
1899421069
1225494028
362470219
1773347841
1879110621
1317694365
1637824691
474194391
473315520
734516152
1276963708
2124955885
1480509585
31577306
291321133
2119050818
1018296278
1208361403
177250542
490041005
519384790
1926624122
1013188988
1269484253
971807226
1550911947
20585943
243076834
878452444
200153183
1015155479
2108043785
706686289
1691891313
786327664
194685210
1456730089
1949030023
1779528870
536966321
1066672353
368751715
2119752410
2072534787
907410769
1571417236
1055594646
1016807455
1955517006
1284586154
1386386987
808520559
1676000544
2145628956
1040463068
103446355
1308618062
1563739107
858299363
789737042
1661526434
1544914297
149813802
1069735930
318682826
278040964
110066076
897119265
400801268
1758194284
596348468
522521127
951948906
652092992
1117865903
1785287765
689950471
1733355944
1897679253
2015563574
1169940440
828703148
1582357641
247387839
319069481
334100608
1706665398
2133754854
1188409925
2007692375
2022684961
600007517
1890615554
1407575066
434278910
1776207864
555393301
1531280045
779690667
315826275
1660112188
1398001892
599217017
1489583936
72855626
418827392
1928066125
1626613292
1022772334
1275506950
1263544296
2070681336
1968714517
1904337890
110642342
1992487339
2022198902
1020748492
1620532808
1907292802
381724445
1109093526
376835522
545343251
123814161
32949984
1887083809
31595320
594082431
1091942914
2036791983
1473525101
754955303
1200391045
1510913397
2074821251
681305571
319925993
1844595910
1049531278
41512888
1922406988
1002778201
241562551
1197701827
1410383058
383560220
1898192893
2058376466
1319194539
1081445345
1697808854
1458191489
740976059
326954660
1863801594
1716915216
456270573
2022900621
2077121490
686716798
1072105008
1481071126
879462305
2140501481
762336623
704184759
450865896
1380807456
1522623510
1318194918
1460684374
1836704961
1570337549
89164413
1790187332
1432594454
28338214
1686476711
2124908671
686983887
1266102537
2117364883
600074144
862931896
1339307881
1971451760
664540757
2021538499
658773506
1728115057
1860920971
546924689
933238863
1872496400
1821631662
1636471602
1355147685
1903065360
198067102
314130464
1075904122
908270714
992127322
1620865546
1057169427
1714347958
258038307
1080342456
341422607
213451065
1174358965
2076408825
1593858025
260813497
478320552
1102226743
930930579
1731872858
593772968
185765567
1868145478
1710129606
227156594
1742434639
2011967181
854905405
1729543405
97362043
2128801334
1686461518
1869559920
1860336183
1455811008
1534421185
2033223119
1621169969
1878639494
1989397464
1630277305
326813062
1631447655
669532689
21593743
1302258
412213736
294015730
162502363
1725499604
852675340
756062949
489244544
18166645
384124641
646998405
1392488074
270274712
579171179
1734117249
1808030506
675109292
1405763543
52782907
211571738
1800764781
966637096
555882917
1170321569
791887310
1293858711
463946255
31585528
429508287
1053242042
131297673
1254284642
1062499142
1096554789
91680169
1122825484
1389103399
1366100456
1302693915
780848240
443802863
784012410
2084400525
618890164
1423683927
592966215
1659053425
783241327
2009710426
1580329766
524631066
2053955327
27555364
1414018643
1357295199
1489111159
716827175
331070555
172688508
1125346859
816180084
1560618399
2095651182
730121427
429264631
1253082944
192913679
1747379630
1370568685
1238291073
694040834
1760610181
398140054
2128327173
159688532
1678082221
625152296
1444637748
576517654
85995514
70109367
1507092613
135930326
1805872321
909715996
1660661779
2045043241
565981252
1241829801
39900214
587998834
1924143191
118370964
890934826
1685633698
841291062
546547186
1030996883
2066548585
1229045164
2064354502
860314182
293061623
1306695190
1458284108
150139945
108770390
595361133
1108250958
1248180675
1552340829
413485600
195397508
543420693
23636560
2122672872
1764615740
1147577110
777854063
1660277552
2029790993
1919486756
1314562858
546194070
1538627212
1856958557
522625648
561149706
1642414765
310156817
862812050
1472539806
1374971414
73029731
1197526480
610809676
906391872
1626684533
72636174
1025464922
1432676879
1413655189
1691174762
1628156889
1196203349
1995267076
1496598427
2001288925
1774083161
1352731979
2104483911
1005426087
1794909613
1343076282
882457957
948817117
1703206444
1981173445
848143380
1896822521
501370732
1959545543
272730809
1056604165
803924112
1732927107
1132666735
1434768137
54206396
513831244
929973321
675623181
1452761378
1818897303
777256476
206567431
1445239265
2096279285
549230313
1029155785
1187985557
1317790340
1103392869
1202657438
947474902
619435409
1997682054
1282944380
1710378780
120056718
1306114893
295167017
184830149
1178960681
2108038345
615256209
477344358
1875203361
72884955
911759895
1652733920
1945503142
485298372
266846898
949959750
1580086452
730219962
2085342376
1416194392
1417886643
1942261789
1842453323
1546293568
1856385029
1620758787
1410354561
2052094788
969731096
1017133389
991038803
505995889
237664303
104357101
1583140555
520921555
1985229713
302362952
867825462
1981093057
1644545911
1768589287
1358988482
2030831129
73699685
1720025123
1184869994
494130527
532504340
1236085331
129357039
850303709
1698250025
283017898
5533581
661099046
11276544
546314072
1408017179
1422421160
844477716
417549789
1930228974
1470394436
1824959823
1738298707
1218834761
109319394
1232536773
618284849
1987572957
1030559214
1153096643
1202848373
2009035800
979308819
928650325
2062349526
1522420902
60445909
154627532
369717454
1171058607
294383094
2041821817
110599259
1268391358
1930873784
1570297871
1569779914
1454411203
1630218667
1488767843
1389166104
272499744
1468062004
1278480845
1853673680
1148272731
1731737975
474278034
1879103421
1196683965
1483045600
1852192118
2017463961
897490044
190032980
576111771
1854254521
173049183
744760643
1657432185
1452348058
1314679004
350776245
653738700
859992848
1334852026
96340773
2144185620
404635033
1767773229
528403558
1033718961
571873297
1485182354
1257394597
1791905299
241694765
1272338878
1704849367
1676492895
1830637625
528352806
180730097
988863421
451572614
373715000
1785821172
1064987332
2113374826
111179202
278075124
684193196
1607599134
1426882231
659770368
1302505515
1909376734
1046631217
692311542
613686948
2020062142
1615445171
151239976
1417122231
1979691187
1705636938
2028296810
429073192
183051318
1346919122
1044560427
248282364
320965627
2137855372
1386339247
6154379
357432797
861258520
1132164860
1589689600
1069054873
1757059709
854899266
1626365232
1148595208
709157973
283811361
456364340
1451358943
1870492375
352238192
1602361812
1450040904
1193047372
492369165
994064264
1962795035
1199851678
1035706816
1769497577
1592232983
866020014
1701699579
277613507
1515730865
1437627341
864207790
1308421869
413807003
1302250435
1917214468
1778924088
1109813482
1739717779
1446857748
1380835655
1996564103
1820894746
2136026272
709426605
503742091
1012786963
955101019
2090048655
1057730606
408665176
782909926
734821113
2107475941
1900350416
1812643528
896758754
784143832
2145726432
531258553
1772979692
2134081319
232856239
899604039
1360208593
1062400236
1581725294
356950045
1337580244
852344112
1631564894
492484915
791990867
886857563
1878551161
504784733
1356601881
573933768
1755780099
823330466
1478004441
877295038
74983364
1819981606
1821267821
1963846856
1697938049
1482088207
793673496
1249515755
368710272
1423219909
1384150277
1870841235
1920560918
40650769
317674837
516639017
875573898
1212554442
1930180311
652515395
1774742183
1691496498
593122900
2144974573
779666222
2052462807
712575488
1887411144
1238147371
426324967
1238273977
406708362
106991733
766243992
1950826132
1901961775
977466830
35112260
1721234542
36738657
1138801510
1462716506
1631009133
1889228023
1709661666
952423602
40374076
2109746527
1407383672
1512487246
609213983
2004867032
1781785394
1955143190
1444311583
1537113440
37312670
48819766
175054008
80116066
38474593
249906804
1853124943
515584560
333184275
1338242196
1240353141
991479358
1467952833
1591127495
1613436021
743194278
1101339394
1049641465
1893425797
1394688933
752889926
847338158
1248358249
241859753
1897808547
2041124185
1270400117
1332347945
959924346
1551326958
553224879
1593833490
1995937399
2025298853
1582017421
971761240
778025245
242366132
1818585812
1984478180
556249703
892442930
1262533862
120702627
1424489221
1242640591
781945862
1711666641
290300075
2137998188
1639164112
1511006668
1494943301
2100873654
457378804
1321586215
476154584
1206024566
1704220376
1842459393
1648312058
641712506
599213108
1423885373
1831185490
1146385273
74002427
365758976
1212911918
1495828502
1946061332
1276863114
434272527
1668928783
1402142414
1469493567
1716440069
1060409532
336217871
784282640
183705194
1599194819
1909480728
646974728
994548735
1515364544
1723321235
748049556
1099618154
38048196
1673387013
1169686379
853667215
246636898
582905976
80341018
1671759210
1728488769
1699447614
1083543398
452563626
1997268155
768994828
939486550
1650673106
1669140596
667116211
210037290
1781101009
1190102730
393894952
1647858210
1603823758
251163562
1500620179
875398085
405148998
1816048396
140316761
366757721
818949957
869233676
2026625638
258972799
1753963971
364438228
489936752
914688266
1477741436
751937297
2016371731
1867733257
1224382200
1003329846
923125478
1548042818
1191258721
495282866
572513090
1500765070
1163097475
1783107331
550618232
733590301
748571480
1281660234
1602573428
711703722
120541864
870029127
363385066
2116795841
1773603485
1880752035
987652052
1566930301
805605746
2078862334
2027794495
576599575
1462841761
1588686271
1385973546
302268613
1429753536
1673153269
1536118265
491275621
1942223079
1191854353
1916135302
821250302
876426445
508926342
97663993
761224043
1332405522
1927620985
587596253
1600415265
946680180
147444637
2053369068
911718586
958453557
454096352
1987990273
1601938285
774273556
1612238519
2091614634
1607335895
1297591652
926459879
1754745603
616425370
800080462
1557210967
661516380
582958141
957078173
960337581
2054116662
591629062
660359424
465351472
26747530
721654487
2006808400
50619018
350311314
1429577971
869915961
608887751
816853102
2134613690
590481048
693040949
2135412162
1125498070
1210099714
1475756108
1744267953
612220874
1002076541
1333664813
1617688352
1345161044
1561314539
910774280
119888144
620375322
614930669
1448444519
132408441
595609595
989184498
1552946459
2002374422
690678417
1083042484
623636616
1740407752
158332077
354979506
430985976
118957301
8082550
551948089
1609660430
1711345751
1339552786
1792602801
1227192644
993821920
37203074
354323441
141919756
1538490922
1713816174
2057762854
1743635890
726556268
639179434
975544944
2093712610
360796528
1560910615
564474553
1688543472
353738799
1053259897
431386658
410768734
1777670880
1521983096
1292175055
84027274
1349638039
1644241859
953354617
655557652
1366348054
1169106207
1840134646
1230994875
473408927
156923954
310976362
1752002983
1765851264
438192508
980056393
608224661
409717707
1292929267
2022650123
14485251
787961446
1883855520
1608316919
605792844
340358681
1659399606
159054453
1758534703
2022803307
441565092
1828500859
1122948643
1311553065
1500210647
434844702
548055773
616014828
342552009
2015441303
1262415390
277027370
254460894
1084304281
355822325
1711343027
1293770518
1129170151
649739318
214372631
1630733198
1546555772
1968280363
1049962553
847500872
1835608800
327028798
962355313
1606400034
600961354
741884837
568400977
1107958583
629201344
777510780
185687465
555485164
927737839
1758582853
684576710
1610867991
531987008
1131220995
758536074
1252867126
860627847
1269861984
877881202
1336707124
1210201801
1044048670
237117053
1644144586
1465970953
493925040
1373851625
580088831
2124708884
1624131072
106290087
1858581552
2030498849
931520666
912046832
32833138
2070736734
752305056
1754846303
161406623
489266600
388861837
808156638
2002031238
1365235870
1803982542
1360455048
909602127
1894349143
1880979626
517806695
1173385221
743078946
1310438117
2088632434
877624376
1315199836
514465081
845453545
1785922263
616540122
581233679
2038816397
1138112847
625775700
1184770541
970107603
902635597
771996371
1994295870
205924714
1380512881
866668779
1868074699
520546953
2131744840
1765842979
298946513
1429793658
200000076
589369777
1343262075
1857597261
519905541
2088951591
1946728781
1757260222
2077437610
1704778344
482809334
1383258172
1909618029
807108988
1574046864
154595855
1984805762
1766953083
1776595265
623990967
1253534068
1332503806
1431996526
716380553
1414629189
881323586
1210796543
302459229
338469354
2117735422
385272176
606266327
1855736521
1458703066
749116110
1845322056
368965218
1413130037
1454879686
914077860
1956066029
1922081127
1968483315
166009523
540795608
1000989552
244509866
1341101151
2046169592
169209686
638843974
1779919665
662606945
1732214920
2047841708
355175887
1584077796
1240745513
1143624621
920364497
241391738
474331383
628256417
2075991867
1028495860
834044317
1157071850
1442159365
1872007513
47358794
1390301368
25528969
1716136230
248754753
1817956609
2146881594
618713464
601370674
1178875136
670283530
1903560195
2072308006
1390869796
989163777
1204688612
725677968
909976863
1750086154
1761960966
1625947079
563148678
879398817
1073458665
609664208
981864019
924223785
679935744
919563721
1815135035
1969327610
1471173706
2037248831
561834849
272711284
728447490
212692883
1316495973
823803170
832805981
1819195168
1488506237
1287321356
112286767
1713050903
2080755039
1626232725
1069033706
1401305940
295776931
1845720159
617431398
528523882
908520782
900052904
314348060
438072800
1115607684
338623031
405617467
1099672291
947928755
1804891839
1610624198
729525351
1148433534
139386702
1915125284
1025746952
1877787795
559794253
336152664
1835832238
1934867617
2122656045
1481804351
317872998
1699647297
144648285
152237591
1004168360
2131128394
2142653292
420602101
1690829230
115767859
90222031
238220235
857971637
1724097101
903127536
450080556
1066499958
1766276244
1138380427
828025466
929974502
695472248
48581515
465736745
59579900
631999798
566486924
1150724517
2136715984
1563997954
913773598
1137301889
2028390123
1997384783
581677977
916198295
1086995075
482840496
1906997906
1867858314
1178731552
404550889
353565021
280056698
1776252709
1309103216
1127787797
1038835757
670517789
1545783914
1880564839
2136416174
820058578
174474000
1069339845
104133172
2114533146
251710619
2105072590
161935805
793293886
1311861426
240383033
700895624
1004948773
215144156
1712851991
885124702
671643745
1142373583
1369005301
732299949
536461886
1178567896
1948951791
464683646
1687497830
2106986528
117237066
1160863963
751693146
60409521
1690538063
1664575031
1243076548
1666624220
1324057719
1212533019
1570123950
794173314
1060022293
270342939
1725862368
507198947
1130107286
1367781734
1642645850
2046518765
1742793003
1592539988
1730885755
1183402023
1591745694
1266088379
1879411377
2077533163
1163253968
118317888
2146370141
612657481
1897679449
2018857746
700514422
1040537700
1357786379
1154438831
138681972
808146409
1830112435
291419064
1617493488
217565443
1605233307
319133488
1409866257
287620401
50390210
799702552
1648128538
