5000
4294892195
4293282645
4292536617
4289984017
4288114117
4286348232
4286097974
4285774554
4285541638
4284588226
4283956573
4283416973
4282397254
4281351960
4281082306
4281044913
4280757100
4279444226
4278806768
4277201797
4275876081
4275791209
4273499422
4272980143
4272785547
4272248435
4272057063
4270621867
4269996431
4268620007
4268387635
4267731525
4266009065
4265616603
4263534928
4262607496
4261723220
4260167570
4259983339
4258491181
4256831629
4256621232
4256031478
4255916216
4254365387
4253418187
4251411000
4250907424
4249707907
4249024784
4247382728
4247167166
4247115087
4247083608
4246259702
4244075798
4243949769
4243870186
4243838743
4242313971
4240845106
4240785348
4240003212
4239604545
4239221138
4237459970
4235726504
4235261894
4235023411
4233450415
4233203610
4233024630
4232527839
4232033073
4231595460
4229201931
4228821161
4228548201
4227903272
4227530217
4226544673
4225848254
4224290680
4222957571
4222101381
4220587058
4220264177
4219607808
4218999815
4217806127
4217356767
4215704001
4214827315
4214530247
4213634546
4213155456
4212657336
4212395853
4212184431
4209642265
4208948899
4208878343
4208224332
4206340846
4203782253
4203753138
4203695708
4203399276
4202620170
4200494610
4197938910
4197099672
4197099107
4193840681
4193280100
4192129367
4189717411
4189297142
4186601125
4185977904
4185328782
4183958085
4183513875
4182618482
4182515058
4182405784
4180896317
4180488548
4179947043
4176386527
4176249951
4175024127
4174171068
4173686152
4173664889
4173478230
4173434772
4173078768
4172958221
4171949231
4170775008
4170771373
4170426119
4170284575
4169712584
4169299629
4167563242
4165750013
4164288094
4164241238
4164074249
4163693789
4163474855
4163064588
4162998656
4162927954
4162095920
4161828376
4161094486
4161080477
4160214806
4156748995
4156614419
4155914897
4155903149
4155763672
4155263906
4152814370
4152377937
4152375375
4150814106
4150092122
4149287641
4148920104
4148362164
4148341144
4146466503
4145494267
4144532412
4143496767
4142110747
4142065758
4139680401
4139322959
4137411653
4137003835
4136086780
4135356996
4134299877
4133608418
4133476811
4133087288
4132733934
4130637214
4129844642
4129679167
4129391446
4128230038
4128213867
4128153681
4127975504
4127926089
4126151767
4125598994
4125190050
4124967706
4124383843
4124124648
4123826423
4122896551
4122694906
4117069156
4116647701
4114660929
4114545436
4114535600
4114009244
4112610590
4111677667
4109980048
4109388452
4107281936
4106942538
4106788065
4105227271
4104866594
4104170612
4103916905
4103852937
4103020807
4102748874
4101254284
4100874968
4100821017
4095180713
4094295432
4093958897
4092626659
4090010904
4088192187
4087913806
4087738325
4087679524
4087270238
4086150452
4085046791
4084739834
4084097007
4083875102
4083835484
4083440931
4082950813
4081637041
4080477034
4080370019
4079313958
4077224448
4076221931
4074434647
4074431831
4074294223
4074249671
4074031078
4072493677
4072113164
4071478619
4070909403
4070756844
4070683203
4069740915
4069702415
4066448698
4065882204
4065377118
4064935417
4064806283
4064608841
4062630692
4061215201
4061093078
4060770016
4059952128
4059945990
4059505698
4058908077
4058314798
4057877069
4057365150
4057311513
4055433918
4055213361
4052995240
4052527432
4051744888
4050354147
4049164125
4048178034
4048133443
4046947492
4046101813
4045999715
4045725721
4045709550
4044998437
4044959455
4043757582
4043546481
4042190864
4041972448
4040769527
4040509960
4039833964
4038416183
4037812304
4037420114
4036482159
4035153936
4031569650
4031405627
4031260892
4030489508
4029325320
4028958904
4024612039
4023195597
4022901941
4022843353
4022496920
4019886162
4019611543
4019604122
4018607690
4016890958
4016465217
4015886038
4015514153
4015362168
4015088701
4014816742
4013607589
4013500668
4013144498
4012636590
4011900497
4010743663
4008841500
4006540604
4005601297
4004334520
4003250406
4003065201
4001620498
4000097221
3999713048
3999166374
3999114676
3998724577
3998709909
3995913528
3995774141
3994341363
3993462452
3993217154
3991661005
3989876654
3989537906
3988038860
3987908786
3986099117
3985315395
3985031397
3982495658
3981321860
3981091320
3979031594
3978145919
3977753856
3977550048
3975833609
3973198723
3972939177
3972193427
3970713602
3969778501
3969546632
3969028206
3968113638
3967736206
3967606875
3967149970
3966303553
3964776770
3963669716
3962545461
3960520112
3959117882
3956966956
3956623928
3956135728
3953934046
3952782713
3952708306
3951761616
3950612466
3950582220
3945324684
3945298576
3943075666
3942378779
3941982114
3940567141
3939858778
3938595216
3938580626
3938396700
3938036116
3937657661
3936801417
3936473997
3934051680
3933964508
3933130261
3931691303
3930550045
3930023711
3929823056
3929622242
3929235224
3927292973
3926097070
3925674566
3925025037
3923455666
3923182467
3922824332
3921468782
3917764369
3917651076
3917378367
3917346542
3916738430
3915796591
3914881877
3913279178
3913035200
3912924204
3911940780
3910833147
3910356029
3909332900
3909167815
3908607260
3908103025
3907912866
3907303961
3907242465
3903962161
3902402184
3900705904
3900546059
3899249929
3898450098
3898170889
3898056958
3897724826
3897094457
3896638006
3894713084
3894457427
3893079033
3893046529
3892572016
3892559071
3892092912
3892030966
3891950047
3891310565
3891068546
3890882903
3890274182
3890067714
3888884068
3886558984
3886133855
3885382786
3884800661
3884516686
3881353418
3880744135
3877886847
3877827474
3876515287
3875380652
3873714733
3871061892
3870238705
3869946157
3868995815
3868774821
3868396939
3865994883
3865589378
3864140987
3858631266
3858062828
3856831910
3855096829
3854457276
3854051637
3852343533
3852324732
3851588961
3850800513
3850615279
3849442343
3848622000
3847736353
3847648336
3847579832
3847496974
3847180455
3846517060
3844514348
3843738698
3843732839
3841113555
3840483685
3839754066
3839627345
3838710667
3837090494
3836944542
3836901880
3835844739
3835327305
3833764663
3833341610
3833337592
3830102109
3828147653
3823999409
3823932760
3823615382
3823588367
3822998364
3822844163
3822385664
3822044617
3821876930
3820823091
3819704836
3816793424
3816063198
3813938296
3813893992
3813130006
3812226310
3811983431
3809811477
3809695945
3809634920
3807577470
3805500654
3804477671
3804226868
3803720665
3802396228
3802097495
3801713982
3801217506
3801164224
3801075838
3800377415
3800240561
3799473967
3799364920
3797968815
3796846920
3796461006
3796015742
3794371636
3794258026
3794175254
3792937892
3792459331
3792350060
3791257457
3790333440
3789010328
3788952662
3788845361
3787760663
3787588851
3787575969
3786706866
3786666791
3786330456
3784110804
3780452434
3780092794
3778706271
3777480588
3775777511
3773276349
3772920829
3772520297
3772171044
3772166792
3767614645
3766421588
3766230591
3765470700
3764428926
3762626669
3760993801
3760958733
3759651332
3759633580
3759534591
3758577090
3758033734
3757829934
3756548289
3755603514
3755029587
3754472746
3753530556
3752369625
3751235663
3749569616
3746823681
3746131974
3745876635
3745683636
3745248054
3745027772
3744840911
3744764819
3743467373
3743194637
3742517545
3742392400
3742043428
3741746735
3740247913
3739825096
3738741653
3738176779
3736766243
3735875209
3733948330
3733758381
3733554967
3733281971
3733128697
3731727167
3731680482
3731310529
3730821695
3729352363
3728075503
3727366692
3726000331
3724800337
3724634138
3724623271
3724449125
3724228995
3723570316
3723359285
3723210403
3723070886
3722896221
3722358405
3720474159
3720254922
3719578057
3718733945
3718505672
3717613471
3717100363
3716406664
3716253985
3715204525
3712075550
3711343901
3710707443
3708809579
3708753315
3707846367
3707609917
3705058882
3704787550
3704569307
3704431377
3702350670
3702056072
3700624265
3700405409
3700227969
3699919443
3698939306
3698569883
3698542389
3697846381
3697582343
3696995321
3696857179
3696092927
3695565035
3695425473
3695295230
3695165646
3694523920
3694458838
3694155581
3692042579
3691199801
3690351515
3689934456
3689346703
3689161955
3686088844
3683325533
3682676480
3682095564
3681960460
3680524345
3679628976
3678823658
3678421359
3678003034
3677823151
3676582630
3676307776
3675557597
3674822139
3673792633
3673646159
3673522064
3673227550
3672723842
3671936554
3669357408
3667461240
3667402077
3666621110
3665277953
3665231752
3664654316
3664609869
3664378220
3663878755
3663738448
3660703028
3659903649
3659408321
3659171495
3658677985
3657669604
3657135855
3656967995
3655392975
3655170684
3654001366
3653910001
3653391332
3653156347
3652352903
3652232607
3651367683
3651357403
3649777581
3649355188
3647560794
3647366380
3647173038
3645583981
3645537846
3642776850
3637602083
3637501608
3637442184
3635859717
3635753090
3634511307
3633771856
3633162406
3633049217
3631900818
3628760381
3628606068
3627996901
3627691809
3627284985
3626214862
3625586089
3625043860
3624772431
3622947356
3620708024
3620511055
3618429728
3618054048
3617296904
3616292342
3614532265
3614270016
3613847884
3610103303
3607313007
3606742255
3605812098
3605758774
3605004115
3604888382
3604787599
3603014484
3602855868
3601883235
3601043187
3600158864
3598681732
3595781612
3595029502
3594011325
3592965374
3589975881
3589529167
3588936835
3588255826
3587868900
3587098837
3587083140
3585931693
3584518625
3582548676
3582221254
3582194759
3579844300
3579230808
3576553820
3576301340
3575039757
3574688584
3573976193
3573464000
3572851853
3571961592
3571171158
3569789744
3569770428
3568101139
3565321994
3564952513
3564950395
3564930271
3564623971
3562788970
3562156501
3562025686
3562025250
3561677286
3561435135
3561240637
3560377349
3558238714
3557329501
3557147285
3556557528
3556310151
3555823319
3554686672
3554545773
3553502344
3553274840
3552449065
3551846068
3551634465
3551036048
3550268781
3549555570
3549503875
3548407359
3548015843
3547609526
3547259447
3547102731
3546682216
3546334252
3545895028
3545849880
3544755454
3544243448
3542722268
3541920651
3540540846
3539725385
3539047358
3539030264
3537681454
3536987552
3535736658
3535468066
3535461920
3534391211
3533497822
3532952624
3532394981
3532255434
3532181846
3530944481
3529842900
3529789340
3528616448
3528492738
3528172556
3527711093
3526678389
3526583760
3526485926
3525502754
3524799979
3524167810
3523346814
3521704770
3520486579
3519886537
3519049847
3518711723
3517933021
3517555279
3516772590
3515719797
3515372503
3515203725
3514591067
3513072140
3512898807
3512022398
3511556956
3511506243
3511329053
3510731351
3510536064
3509658421
3508036550
3508028893
3507807121
3507354135
3504272885
3501335606
3501233335
3500757307
3500408950
3499659393
3495525252
3493497564
3491366809
3491167759
3489298056
3486915513
3483911423
3483854458
3481518710
3481400765
3480932501
3478997460
3476843753
3476087545
3476035147
3475163342
3474744409
3474695610
3474142372
3472898579
3472872562
3472783845
3472292445
3471047274
3471022687
3469392404
3468597402
3468439784
3467930027
3466395563
3466211753
3464622953
3464587533
3463060520
3462236595
3461956895
3461229400
3461017026
3460139482
3459432778
3459184993
3459006707
3458563483
3458079703
3457339048
3457286740
3455651179
3454836881
3453533357
3452434373
3451673726
3451503964
3451362071
3448087298
3447355578
3446971654
3446331389
3445926573
3444999832
3443892050
3441009633
3440498981
3438838473
3437450503
3436306198
3435464125
3435307384
3434090820
3433326151
3432562466
3429875834
3429696910
3428903265
3428078359
3427419332
3427280778
3426065216
3424158284
3423239953
3419690498
3418991970
3416473287
3416298618
3414879672
3413538680
3413518454
3412100360
3411080652
3410280623
3410058911
3409555249
3409284403
3408702195
3408259780
3407000613
3402271045
3402036634
3401175837
3398605153
3396090097
3395244461
3395002895
3394298431
3393799546
3392544592
3392278193
3391760028
3390087141
3387490470
3386656214
3386565608
3386548284
3384723730
3383160273
3382856487
3382740713
3382575071
3381045142
3380888150
3380055143
3379984139
3379762585
3377702326
3376896255
3375802437
3375072848
3374385666
3373309507
3373038378
3372583439
3372266383
3367330074
3366687386
3366573719
3366153970
3366032624
3364599500
3364415227
3362324838
3362315551
3360232375
3359853020
3358139149
3358088408
3357469970
3355073976
3353718454
3352930006
3352143208
3351354390
3351083431
3351058889
3350964494
3350899016
3350770983
3348410390
3348112454
3345546946
3342760318
3342611449
3342266882
3341948087
3341946220
3339747541
3339576453
3338930611
3338110377
3337037772
3334920809
3334872258
3334212712
3333776141
3331928089
3331413025
3330276405
3328721337
3328591947
3325924830
3324879222
3319424108
3319349575
3318595467
3316870869
3316360228
3313838920
3312631225
3312510649
3311545324
3310916025
3310688669
3309645444
3308485550
3308295739
3308135843
3307560439
3306361972
3306203947
3305520408
3304368178
3304257211
3303149808
3303017300
3302349568
3301475540
3300715092
3300135573
3299714255
3299335148
3299160279
3297860381
3297022849
3296981446
3296298119
3294189776
3293924564
3293100225
3292820678
3292662349
3292631789
3292528853
3288127492
3287679684
3287539141
3285062082
3285035079
3284990762
3284110225
3283060379
3282729981
3281362225
3279746591
3279579411
3279201500
3278570278
3278408131
3277858804
3277407554
3276354323
3275981285
3274652271
3273877093
3273526108
3273295111
3271994792
3271825499
3271582959
3269226390
3268132750
3266623424
3265719141
3265689731
3265558879
3265084163
3264979373
3264792919
3264443947
3259792184
3258700483
3258145614
3257312333
3256656208
3255542242
3255378889
3255199211
3255185195
3255033981
3254511213
3252599936
3252593089
3252350913
3252233401
3251807863
3250693009
3247976914
3247924708
3246934216
3246515854
3246406873
3245827569
3244089901
3244007627
3243970802
3239940483
3238386323
3236387317
3236214332
3234589823
3233967082
3232754049
3231017501
3230816992
3228962221
3228673445
3228114718
3228006659
3226212072
3225896658
3224673619
3224532744
3223046220
3221625328
3220687804
3220134831
3219668107
3219641406
3219604584
3217989793
3217930966
3217005355
3216695826
3214981884
3214627789
3214254476
3212472764
3211912314
3211286936
3211135652
3210186857
3210043886
3209791597
3209791577
3209758365
3209556899
3209275339
3209119122
3208708118
3208610449
3208547146
3207962741
3207903387
3206185493
3205620255
3204552218
3204311963
3201716123
3200975587
3200778636
3200636516
3200025793
3199042286
3198577949
3197955587
3197868838
3197332722
3196842849
3194397604
3194000237
3192147074
3192091787
3191865074
3190259554
3190052842
3188929993
3187308805
3187143889
3184393845
3184240416
3184038460
3183709948
3183105029
3182933241
3180924919
3177594384
3174589237
3173756482
3173081646
3172283932
3171863680
3171816233
3171808588
3170287897
3169765993
3169713707
3169466515
3168052715
3167631881
3167517149
3166639754
3165779637
3164817483
3164442766
3163052788
3162884197
3162550785
3161985177
3161618197
3160453923
3158708622
3157021493
3153524157
3151988423
3150881036
3147113416
3146513093
3146429093
3144240982
3144184698
3143470786
3143263265
3142377900
3142369776
3140523301
3139977716
3138193415
3136317413
3134953098
3134492012
3134015978
3133297916
3132782557
3132729649
3132537741
3132527113
3131795838
3131695764
3131566155
3129600212
3129269181
3128963904
3128817495
3124575793
3123064372
3122981095
3122846361
3120468886
3118061072
3111798544
3110261248
3108618457
3107557096
3106369175
3106254977
3105400186
3104875346
3104511675
3103985252
3102660979
3101448011
3100055005
3099553373
3098111559
3097673261
3097470649
3097366501
3097285941
3097142032
3096879961
3094804044
3094481513
3093840364
3093242465
3092767754
3092729077
3092715838
3091565472
3091490936
3091185408
3090120097
3089671991
3089482867
3088489811
3088017559
3087707571
3087620208
3087307038
3086958042
3083557626
3081380435
3081358700
3081113367
3080822159
3079681842
3079504194
3079257398
3076965114
3076785142
3076645627
3076073618
3075275303
3074502878
3074238766
3073941867
3071919377
3070355901
3069018526
3068641999
3068574395
3066778049
3065788781
3064217413
3063062419
3062641578
3062539088
3061983497
3061610150
3060778755
3059470902
3059411937
3056880863
3056535320
3056376227
3056301490
3054298587
3053800213
3053472300
3052598465
3052569205
3051500716
3051194522
3051045673
3050869476
3049252964
3048446219
3047843650
3047283948
3045625266
3044522759
3044275530
3041811981
3041687827
3041421605
3040367517
3040025541
3039907307
3038387211
3037540734
3037284553
3036854539
3036821353
3036356968
3036291034
3035631611
3035560783
3032396034
3031944703
3031899327
3029829062
3029754591
3027915120
3027365568
3027297435
3026687026
3025566115
3025475634
3024941269
3024074509
3023032591
3020067059
3019566310
3018810880
3018629583
3018110396
3018026341
3017426537
3015960357
3015482902
3012922119
3012797548
3012293235
3011662040
3010693655
3010022077
3009891922
3009675769
3009347863
3008952143
3008730909
3007449568
3007110766
3006409560
3005977117
3005421539
3004653928
3002310654
3001395964
2998911241
2997582320
2996607671
2995274198
2991883765
2991435208
2991336061
2991079103
2990679067
2990468494
2989448021
2988709383
2988534061
2988436992
2988399336
2987762154
2986853447
2985848254
2985174723
2984966533
2982191498
2980534629
2980071983
2979987100
2977797897
2976570353
2976179694
2974992806
2974504151
2972221092
2971319689
2970766880
2970091630
2970067023
2970004156
2969862951
2969771139
2969665438
2967851664
2967436291
2967239014
2967165657
2966102629
2966013763
2962852401
2962509607
2962091946
2961617307
2960943135
2959851395
2959607525
2958713161
2956784469
2955557356
2954150581
2952590999
2952547125
2952246088
2951322317
2950669151
2949677692
2946959482
2943331072
2943216305
2941931246
2941842304
2940675467
2940135566
2939005088
2937967259
2936605789
2936210497
2935839386
2935143307
2933681782
2932821788
2930329424
2929675432
2929507457
2929312956
2928736557
2927616273
2926951300
2926631170
2926597268
2925395279
2924926408
2924214703
2924017288
2922483931
2922228485
2920810453
2920341356
2919783820
2918578575
2918463804
2918409411
2916326947
2915720241
2915059966
2913146797
2912193390
2911289172
2911284618
2910511509
2910394265
2909507877
2908585995
2905458932
2904275490
2903170506
2902711878
2901481685
2901386354
2900959545
2899905567
2899586706
2899189265
2897789896
2896343325
2896154700
2895396486
2890650068
2888776943
2887668009
2886433025
2884925567
2884887898
2884349145
2882603732
2882505645
2882317386
2881046100
2880180616
2879917917
2879584677
2879567136
2878636063
2877329584
2874955996
2874149519
2873502037
2872291825
2870041066
2869680357
2869094153
2868870304
2868278842
2868263579
2864769333
2864727854
2864597758
2863082108
2862610532
2862388609
2861522040
2859892934
2857305187
2856848189
2855303222
2854800825
2852117116
2851690717
2851025171
2848851611
2847859320
2847417607
2847193742
2846904025
2842665982
2841151759
2840727052
2840676791
2838971700
2838434713
2837260572
2837087831
2837023114
2836058571
2835911990
2835769369
2835468789
2835462613
2834713748
2833361028
2832732944
2832084175
2831421949
2831161270
2830345654
2829207474
2828976624
2828692430
2827270580
2827087785
2826577218
2825349879
2824129479
2824075829
2823628041
2822777125
2822226569
2821495945
2820734475
2819184461
2819184180
2818402711
2818190191
2817141130
2817118489
2817109220
2816855879
2815768385
2815364021
2815327678
2812149349
2810296269
2809909191
2809356679
2808022195
2807362156
2807158781
2806874661
2805584724
2805423501
2804931814
2804434419
2803468165
2800760001
2798506249
2797952423
2797670589
2795911776
2793210648
2793036639
2792939195
2792420701
2791839081
2791302926
2790904355
2789987462
2789800282
2787043871
2785775225
2785521792
2783761956
2782884347
2782813574
2782453558
2779440851
2773713832
2772380127
2771675833
2770649769
2769815596
2769001049
2767880816
2765544141
2763635130
2763132558
2761044318
2760869583
2760415297
2758374372
2756923562
2756606266
2756551758
2756266016
2755830518
2755064118
2754301800
2753672369
2750977030
2750587569
2749749398
2749325039
2748481737
2748415250
2747367497
2747133247
2745797841
2745575606
2743685358
2740872377
2739698260
2739308445
2739185273
2739158876
2738075297
2736720634
2736564902
2735016039
2734390660
2732127947
2732087970
2731016342
2730900500
2730750546
2730628305
2729481411
2729215808
2729172702
2728783950
2727760994
2724984853
2724832451
2724595306
2724041480
2723992782
2723546458
2723011938
2722810904
2722064920
2721252692
2720607669
2720509736
2719905618
2719865790
2719573715
2719347682
2718731107
2717870966
2716850629
2716717506
2715077394
2712251281
2711036407
2710878739
2710592587
2707510671
2707267365
2707056905
2706865297
2705821804
2705005308
2704841747
2704803431
2702829883
2702332445
2700192772
2699185430
2698378865
2698098098
2697445785
2697291309
2697095052
2695593123
2695524321
2690380607
2687565556
2685355386
2685235459
2684840825
2684772312
2683965823
2682260148
2681842590
2681229006
2680953093
2680331126
2675696320
2674532666
2672340744
2671830750
2671294250
2671271827
2671152488
2670607568
2668276925
2666640387
2665605990
2664408152
2662121929
2661414940
2661301150
2660392354
2659817249
2657895619
2656762660
2656264739
2655275911
2654937430
2654887265
2653309631
2653263204
2650237317
2649897424
2649445873
2647221817
2645718253
2644696775
2643714016
2642515253
2641854633
2640243777
2639530554
2639139446
2638397228
2638058839
2636727524
2636520567
2636263036
2636213580
2636047983
2634421337
2634129969
2630000294
2629131704
2628308518
2627476792
2627261320
2624567230
2624246582
2623931933
2622406983
2622186834
2620587198
2619787298
2618332238
2618166501
2617522338
2616678359
2614524368
2614218933
2612469400
2611910285
2611847767
2611006458
2605751557
2604839135
2602531437
2602304430
2601624479
2600951254
2600450525
2600123548
2600094913
2599742352
2599572703
2599389091
2595209706
2592057305
2588922515
2588159187
2588030611
2584223039
2583883377
2582859191
2582466657
2582394182
2581152550
2580758125
2580751088
2579478010
2579002825
2578541833
2577753881
2575522239
2575025303
2574582571
2574380426
2572499293
2572056494
2571541750
2570210239
2569703458
2569624263
2569237239
2568604336
2568496261
2568066294
2567495124
2566740391
2566429145
2563106065
2563026602
2562972104
2562923090
2562647860
2561232777
2560224052
2559808300
2559724818
2559032757
2558876638
2558612129
2557734819
2557487399
2557135512
2556846455
2556766627
2556369063
2556063082
2552727499
2552330049
2551644824
2551368209
2550926737
2549977882
2549290361
2547439879
2547264128
2545549612
2545330490
2543930383
2543081395
2542651965
2541496833
2541227526
2539734743
2538542815
2538491543
2538380239
2538166123
2534164504
2532942523
2531427177
2530789965
2529718141
2525545042
2525250094
2523882672
2523748009
2522021876
2520929364
2520716021
2520615425
2519113077
2518995561
2518770036
2518634542
2517109009
2515883137
2515865607
2515085798
2513862349
2513770035
2512773260
2512134832
2511976982
2511068716
2510825042
2509859016
2509851017
2509660387
2508686024
2508503359
2506129627
2505827540
2505455911
2505330922
2504504634
2503145098
2502760424
2502515467
2502352010
2501080361
2500689880
2500553341
2499161423
2498737013
2497681359
2495175141
2494151493
2494071863
2491056072
2490839593
2490197667
2488769965
2487977369
2487357139
2487186279
2485840973
2485108743
2485080529
2482607302
2480781970
2480643383
2480016525
2479528030
2479062898
2478674821
2477740243
2477281988
2477050415
2475295142
2474439408
2473661054
2473429053
2472763126
2472505383
2471224625
2471204704
2470942663
2468556730
2467441115
2466817089
2466369622
2462871427
2462770806
2462219196
2461842101
2461021058
2460810749
2456877893
2455691841
2454557987
2454024783
2453060354
2452958356
2452660539
2452436905
2452264663
2450900268
2449021613
2448271234
2446339292
2444575326
2443742322
2442175238
2440673865
2440021383
2439954492
2439698566
2439108842
2438197736
2437636112
2436434523
2436054680
2435889656
2434052808
2434049671
2431109228
2430994462
2430940529
2426239482
2426196132
2425683408
2425145121
2421505829
2421294302
2420860824
2420212352
2419443095
2418632503
2418434556
2417288389
2417250575
2417017847
2415899093
2415453867
2413763982
2413452612
2413369137
2413155005
2413015386
2412163094
2411485659
2407583348
2407139453
2405262835
2405233035
2404624338
2402829759
2401424027
2401381637
2401095146
2399946012
2399591103
2398739262
2398403731
2396045139
2395442042
2394789103
2394249017
2394011916
2393094279
2391893472
2390840887
2390467786
2389610653
2387881595
2385777103
2385717708
2383083694
2382646117
2381063058
2380783007
2380079451
2379966512
2379278082
2379174755
2378387163
2378046483
2377482569
2374185890
2373931397
2373030748
2371967248
2371509565
2369651498
2369346497
2369326517
2368421203
2368177404
2367258718
2366509043
2365587351
2364950621
2364614373
2363862072
2363723469
2363204124
2362321762
2362286275
2361501452
2360273158
2359724065
2359015371
2358562930
2358518786
2357306555
2354694870
2354004002
2353719435
2352144450
2352033132
2351838001
2351834647
2351709332
2351604116
2351198949
2349092697
2347422295
2347169572
2346922590
2346831920
2346254072
2345017888
2340781834
2340654724
2339831515
2337161263
2335818384
2335473111
2334982325
2334935507
2334414506
2333637565
2333494873
2331917425
2331904992
2330443475
2330009437
2329891107
2326977502
2323225460
2319673670
2319167743
2317789775
2317339800
2316606811
2315571901
2314713690
2313959079
2311292812
2310828505
2310456140
2309543860
2309167373
2309058970
2308392584
2306982334
2306740515
2304329361
2303928378
2303687927
2303352281
2302741550
2302368738
2301752677
2300174258
2299996811
2299571493
2299024425
2298266596
2297702652
2297347944
2296204738
2295474848
2294426277
2291948751
2291742069
2291722601
2291090666
2289415103
2287406693
2286703522
2285657295
2285269171
2283622832
2283563450
2283324707
2281626780
2281149846
2280460244
2278548113
2277904748
2277718257
2276923594
2276733807
2275712635
2273317245
2273021369
2272230856
2268891926
2268468538
2266694567
2266108901
2266055200
2265904304
2265462103
2265047436
2264373954
2264352962
2264320801
2263456682
2263441204
2262602301
2261852112
2260726974
2260158945
2258337217
2257374097
2254970493
2253907810
2252661397
2252653904
2251135185
2250057188
2249685067
2246764246
2246231148
2243771514
2242527777
2241211399
2240691551
2240466580
2239767030
2239554825
2238880029
2235040239
2234638093
2233738163
2232798527
2231928109
2227317384
2226790358
2225841282
2223004509
2221602248
2219048893
2218021622
2217737372
2215496039
2214823384
2214807089
2213272838
2212942218
2212597253
2212114906
2211976282
2211192680
2211072843
2210824217
2210340404
2209506280
2208079941
2207337843
2206654238
2206118224
2204650613
2204576574
2204549018
2202370540
2202141041
2197544556
2193317341
2192736411
2192431375
2192044043
2190946861
2188579679
2187256649
2184784443
2183188134
2182847101
2182625441
2180952428
2179437839
2179362611
2179094385
2177261561
2174766375
2171957213
2170382964
2168050177
2165906101
2164969829
2163982091
2162403634
2161787900
2160441598
2159968700
2158889051
2157489691
2157374559
2154987873
2154141402
2153973034
2153904647
2153207444
2152691412
2151351216
2150581430
2150069463
2147876835
2147175372
2147036076
2146855420
2144324669
2143858867
2143687453
2143127244
2142193189
2142105398
2141922814
2140737906
2140077890
2139245465
2138636936
2138296963
2138226999
2137928844
2136695266
2134638420
2134280352
2134096993
2133156439
2133141042
2132666604
2130587340
2129186875
2128205947
2127750309
2127463554
2127067205
2125850350
2124535442
2124428041
2122959112
2122204524
2121802744
2121651297
2121621421
2120606557
2119045432
2118342638
2118339023
2118268306
2117105304
2116136506
2112761300
2111781147
2111587727
2110892737
2110669345
2108740639
2108633167
2107836444
2107722465
2107552363
2106444926
2106172538
2105972073
2105901736
2105728230
2105031564
2104210108
2103532074
2103521479
2103415494
2103091132
2102845384
2101807424
2099898343
2099636823
2098163015
2096389276
2096095707
2094827414
2093292058
2092245059
2091615347
2091263114
2090464673
2087151375
2086827889
2086425619
2086295542
2085714168
2085527487
2084767653
2083617235
2082190813
2080432393
2080197582
2079499662
2079435334
2077662234
2077478351
2077302913
2077272864
2077103823
2076723136
2076358832
2075917797
2075702095
2073972561
2072740306
2072047621
2071843839
2071483437
2070715384
2070658182
2070028982
2069700125
2067533616
2065972851
2065270107
2064854252
2064252819
2063730895
2059439686
2058984037
2058446371
2058440477
2056908406
2055344500
2054060557
2051682928
2051203531
2050518201
2049157840
2047997281
2047458008
2047247119
2047222540
2046219716
2045641979
2045090934
2045023100
2044505752
2044415731
2043138459
2043067655
2042447824
2042146735
2039783639
2039164520
2039122597
2038347095
2037609823
2036496702
2036037509
2034900820
2033895729
2030386121
2030320165
2029490768
2028597540
2028346003
2028096298
2026873044
2026369127
2024366059
2023746158
2023404882
2023170177
2022087121
2021642170
2019489599
2018953049
2018563154
2018252688
2017207041
2015205679
2014440781
2014258784
2013691269
2013440818
2013097206
2012054818
2011144091
2007384349
2007171086
2006537867
2006518042
2006096970
2005877658
2004110095
2002783376
2002488613
2001482863
2000776392
2000252662
1999864027
1999323625
1998916301
1998877210
1997864449
1997852524
1995501934
1994352148
1991017242
1990668347
1990219339
1989836899
1989710595
1988827702
1988473384
1988074119
1987184144
1985291799
1984105443
1983915067
1983816373
1983380409
1983152248
1982606335
1982119308
1982038764
1982010587
1979414711
1978678959
1978650391
1977482530
1977144504
1976393237
1976193207
1973570305
1971428328
1971422523
1970890616
1969876946
1969332580
1969236270
1968868432
1967792786
1966828113
1964882057
1963870049
1963748189
1963101659
1962552690
1959995632
1959964183
1959845756
1959704570
1958963762
1958543300
1957901058
1956199961
1956149666
1955710024
1955627340
1955553036
1955508893
1954231786
1954230872
1953367512
1952468797
1951367303
1950538062
1949687917
1946136121
1945760386
1945704518
1943925274
1941601970
1941457120
1940080721
1939037369
1938757073
1938536410
1937969363
1937129452
1935949542
1935523930
1934537288
1933755902
1933603778
1933269006
1933128122
1933000417
1931637770
1931434041
1931082414
1928479306
1928206053
1928031187
1926240420
1924499137
1924029195
1922298503
1921698192
1920229756
1919058406
1918397728
1917710334
1917650783
1917554561
1916226071
1915765392
1915374911
1914518518
1912603217
1912367200
1910809680
1910746103
1910317910
1910249567
1910142133
1908845389
1908598022
1908193112
1907470472
1906682943
1905788435
1904950543
1904875740
1902582076
1901701840
1901032580
1900683075
1898094677
1897762138
1896820605
1893268586
1892948854
1892515031
1892284652
1890592860
1889438089
1888743862
1887427531
1885604600
1885390958
1884884649
1884587430
1883961959
1883486127
1883153122
1882667032
1881964430
1881674301
1881564035
1879077540
1879010922
1878779020
1878703429
1877545407
1877355008
1876642204
1874952263
1874793546
1874334781
1874077302
1873740026
1873082375
1872360969
1872257188
1871918612
1871555182
1869999671
1868705860
1867962843
1867129646
1866949255
1866101053
1864786215
1864584763
1864034286
1863866707
1863377371
1862871848
1862284458
1861730480
1860955923
1860678887
1859706149
1858381640
1858155999
1856735276
1855799265
1855496096
1853333104
1853270688
1852181523
1851978811
1851442654
1850603636
1850504276
1849904823
1848775430
1848131499
1847411303
1846172947
1844497808
1843969157
1842056051
1840138115
1838508890
1838443181
1838441054
1838214457
1836390470
1836367185
1836304582
1835760867
1835565682
1834869664
1834278803
1834261367
1832621094
1831832185
1829281729
1829229088
1827576742
1826355738
1824377012
1824217891
1823276273
1823269313
1820782093
1820382190
1820377477
1817535904
1817012668
1816606508
1816093965
1813568336
1813388664
1810800147
1810480323
1810298513
1809723368
1809422459
1808840809
1808059122
1808025537
1803875409
1803728868
1803684645
1803276216
1802568378
1802421796
1802102239
1801280340
1800992431
1800980156
1799230643
1798806617
1798266249
1797949869
1797039544
1795862232
1795479035
1794009776
1792915684
1788490655
1788106290
1785709785
1785497797
1784340633
1782225847
1782000397
1781002511
1780794709
1780245860
1779946035
1779058564
1778541805
1777466051
1777099685
1775383403
1774584587
1774442158
1774372164
1773953658
1773352833
1773300206
1772959616
1772268063
1772064695
1771796828
1771111376
1769209090
1768102902
1767451558
1767381187
1766701867
1766181817
1765178380
1764951618
1763671838
1763669950
1763566463
1763506724
1762310471
1761842430
1761826647
1759658386
1758926423
1757193080
1756847870
1756814040
1755188047
1754829469
1752913683
1752474272
1752414562
1752382492
1752312872
1751650260
1751572682
1750966877
1749779709
1749725798
1749313469
1748526627
1747942968
1747427599
1746891089
1746880599
1746149228
1744626436
1744054984
1743375129
1739260822
1737686461
1736791188
1734303820
1733362436
1733107160
1732243210
1731545146
1728139100
1727701200
1726931825
1726546113
1726418197
1725737686
1725229025
1721993552
1720883106
1720828506
1720161746
1719723509
1718997011
1718938733
1718519101
1718217783
1716318485
1715155859
1714210612
1714107944
1713653353
1713135156
1708085607
1706925553
1706828040
1705061998
1704967032
1703798766
1703568246
1703504823
1703021083
1702762412
1702740168
1702187089
1702073518
1700763184
1700413750
1698529642
1697821088
1697592987
1696748264
1695668016
1695423765
1694693692
1693176586
1691505475
1690751553
1690617754
1688788563
1687567340
1687395510
1686206023
1686099654
1686081989
1685788940
1685624976
1684345518
1684140463
1681949802
1681905833
1681663981
1680957455
1680855817
1680547547
1679937379
1679432711
1677929844
1677566766
1676002389
1674933606
1674440594
1674242438
1673639410
1672773341
1672416590
1672199016
1670463190
1667529190
1667378399
1666963723
1666511319
1665047415
1664892550
1662448315
1660697657
1660363537
1660223970
1659724942
1658768126
1657811804
1657051667
1656404046
1654882492
1654566659
1654305454
1654033607
1652473213
1650603773
1650397191
1649771495
1649403893
1648026030
1647573700
1646865213
1645763856
1645510817
1641195926
1639892379
1638665168
1638286421
1637446708
1636572470
1636139266
1635000800
1634949412
1634419763
1634211410
1633928274
1632973844
1631700952
1631156666
1631041264
1629508845
1627982456
1627221215
1627195416
1626371366
1624340449
1624073375
1622897638
1622135349
1621389058
1620852749
1620772167
1620750051
1618618601
1617473835
1617019874
1616757834
1616584751
1615933058
1615294355
1615121512
1613518282
1611954423
1610530069
1610071334
1608654049
1608092489
1605941758
1604537721
1604228479
1604165404
1603922847
1603850692
1600898526
1599568958
1599054602
1597318648
1594865477
1591088819
1589953787
1589926399
1588824219
1588182112
1587856310
1584407929
1583678123
1583420794
1582407092
1581881507
1581164489
1580506888
1579366916
1577699237
1577589822
1576727144
1576354064
1575871998
1575843886
1575325398
1574579790
1574197310
1572761447
1572754210
1571909583
1571662255
1571489107
1570991525
1569142075
1567624396
1566929573
1565962702
1565840807
1564995665
1564368582
1564150199
1563199586
1562885069
1562264226
1561867787
1561842793
1561471147
1560888062
1559570138
1558722638
1558624547
1558583006
1557184839
1556692849
1556589494
1551515267
1551057655
1550737350
1549494276
1547374563
1544520240
1544372653
1544362283
1543482282
1541827634
1541568476
1541171750
1539395838
1538686970
1537547972
1537504225
1536972384
1536846495
1535521130
1533395320
1532974323
1532779921
1529764717
1529761279
1525811686
1525417215
1525131254
1523748488
1523534068
1522393780
1517562264
1517321765
1516747497
1516400918
1516117469
1514619872
1514491212
1514235824
1513865062
1513298137
1513257345
1511207607
1511033096
1510569538
1510474355
1510261912
1507360338
1505350504
1504870854
1504579245
1504164474
1503938703
1501053929
1500657179
1500476161
1499622930
1495880364
1495184856
1494065688
1493096947
1493054256
1492864084
1492760980
1492002496
1491862788
1491543247
1491041097
1490296188
1489628326
1489000208
1487604575
1486567895
1486522046
1485885952
1485554589
1485338448
1484687700
1482566917
1481999688
1481228669
1481139666
1480841844
1478970092
1478677025
1475767625
1475626637
1474623919
1474345751
1473791799
1473704408
1473096984
1472931331
1470612666
1470520918
1470287133
1470159453
1470108054
1469897507
1468418168
1468347699
1468335011
1468068846
1467866690
1464636487
1464533666
1462632772
1462403074
1461181900
1460602342
1460023720
1460002962
1458635273
1457051281
1456689002
1456651650
1455968599
1454407175
1454321160
1452129252
1450736943
1450681422
1450364170
1449995423
1448953586
1448116474
1446418937
1444840861
1444086483
1443255389
1442940064
1441471479
1439009488
1438652614
1436626228
1436351236
1436307065
1434256321
1433683446
1432566087
1430747440
1430668957
1430151726
1429123844
1428791684
1426772399
1424267082
1424101378
1423671962
1422477836
1422217779
1421369040
1418950023
1418286724
1418215806
1416903144
1416577200
1416071110
1415887316
1415495272
1411499058
1410766420
1408232295
1408019995
1406366127
1405825190
1404384499
1403808115
1403393371
1403291775
1403052867
1402638434
1402590366
1401806793
1398146418
1394872142
1394628273
1392423043
1391787338
1391359280
1391268147
1391131665
1390531007
1390279423
1389467445
1389326489
1389289838
1387664640
1386833919
1385777997
1383986953
1383179897
1380860158
1380033962
1380023213
1379829174
1379793551
1379666889
1379513424
1378942058
1378842834
1378082117
1376935411
1376441258
1375625487
1375280318
1375108810
1372823974
1372407801
1371342280
1370802004
1369688931
1369278523
1367725570
1367456109
1366556724
1366386888
1366053982
1364774495
1362324997
1358934073
1358053228
1357093730
1356474365
1355686939
1355408663
1354873278
1354309548
1353979213
1353216248
1351545024
1351445270
1350097770
1347987315
1347685848
1347437239
1345483742
1345016263
1344891878
1344358979
1343998329
1343231608
1342030759
1341870535
1341695410
1339557331
1338632267
1338607327
1335756668
1334681740
1334502548
1333778927
1330504775
1328729302
1327733737
1326862375
1326669928
1325728357
1324760629
1323173941
1323044325
1322687147
1321243128
1321171658
1317278986
1314717250
1314149112
1312784324
1311930398
1311103750
1310785252
1309910585
1309558515
1308765410
1307698458
1306083218
1305479360
1305449161
1304847791
1304028898
1303279260
1303229106
1302760691
1302631282
1301574913
1301332791
1300329116
1299910525
1299720246
1299338208
1298578321
1297021525
1296934291
1296381248
1295364008
1295020596
1294786105
1294475150
1292430915
1291764146
1290993965
1289451527
1287984113
1287877242
1287598703
1285439803
1285222890
1283145781
1282806291
1282360580
1282326731
1282027067
1281773308
1281107354
1280962798
1280764831
1279846385
1279694184
1277168665
1277125760
1276416822
1275878946
1274687746
1274218757
1274200517
1273687394
1273558281
1273123526
1273069980
1271883729
1271139904
1269295935
1268456434
1267927642
1267324175
1266778258
1264567020
1264525848
1263725652
1263671606
1263235758
1262950093
1261533883
1261530689
1260597416
1259629936
1259549636
1259248184
1257442926
1257210196
1253909414
1253234478
1251825108
1251238888
1247279994
1247247638
1244187859
1243757998
1242763578
1237822800
1237555602
1237392993
1236501420
1235964441
1235670061
1231467453
1230012677
1228993688
1226888921
1226569548
1224758480
1224138475
1222176841
1222110382
1220872855
1219824823
1219401751
1218590026
1218559176
1217942176
1217855773
1217196662
1215606821
1215085700
1214629910
1209300953
1207838679
1207427992
1206744853
1204966806
1204596886
1204594182
1202741046
1199551573
1199464374
1197607206
1196573916
1196199506
1195758642
1195148666
1194795016
1193991967
1193791585
1193383551
1191855649
1191428285
1191418734
1191371663
1190386070
1188663472
1188616708
1188535399
1188237057
1187687636
1186997772
1185527314
1185195309
1185062376
1184990705
1183898736
1183795361
1182955492
1182361049
1181591211
1181514737
1179631685
1179523251
1179280482
1178927000
1178859371
1178498864
1177627168
1174247679
1173907715
1173642054
1173226582
1169982660
1168925405
1168662769
1168590421
1167336031
1165288003
1162556458
1162452076
1162430812
1161211597
1161045922
1160935610
1160739280
1160449827
1158490335
1153543829
1153458615
1152611716
1152171207
1150279703
1150027090
1149262757
1148333303
1147935771
1146893807
1145744435
1144566618
1144056657
1143389369
1143175409
1143080942
1142834839
1142719549
1142569822
1141347801
1140105713
1139919704
1139818088
1138224194
1136154826
1134873293
1134527884
1132975440
1131031240
1130921891
1129472759
1128614480
1128035924
1126605478
1124621176
1122848325
1121806558
1121399233
1120722559
1119979694
1119916902
1118612679
1116430677
1114814371
1114709822
1113391698
1113090331
1112943291
1112503684
1111911066
1110833488
1110030733
1104727303
1104207019
1103097447
1102647640
1101870130
1100472828
1100402282
1098617349
1098114960
1097767994
1097481591
1096991627
1096704097
1096662618
1095631446
1094321406
1093516555
1091761477
1091468684
1090413620
1090285975
1089828866
1089436039
1089420788
1089367994
1089152847
1088060696
1087364748
1084943051
1084879985
1083793392
1082975879
1081440153
1080761874
1080645747
1079356919
1078869651
1078600143
1078282132
1077421257
1077278032
1077227803
1075969709
1075641578
1073790213
1071326766
1069992234
1069634489
1069399317
1069117442
1068989578
1068922010
1068227190
1066726853
1066313039
1065888528
1065591381
1065527912
1064655036
1063521820
1062641294
1062551315
1062438852
1059886375
1059754630
1059252671
1058573382
1057626522
1057425817
1057418734
1057160188
1054809941
1054210203
1053629244
1053078088
1052797949
1051055075
1050421611
1050227248
1049971068
1049840162
1048425123
1047816342
1044625055
1038846512
1038368531
1038346713
1038159899
1037634587
1037259840
1036809480
1036590833
1034942433
1034589295
1033597915
1032728496
1032555440
1030919636
1030711936
1026292931
1026266864
1025364879
1024893748
1022994714
1022228522
1021448024
1021368017
1020282078
1019187619
1018277888
1017375585
1017128869
1017105077
1016358511
1016248195
1016022053
1014767069
1014445691
1013039757
1012534234
1010504554
1008423017
1008036154
1006672017
1006489856
1006245383
1005301081
1004379976
1003562631
1003195899
1002445793
1001935650
1001377494
1000977297
998803344
997354420
996931932
996527840
995253065
994964844
994521538
993408715
992751578
991469853
989776149
989507170
988927445
987798033
987485891
987457730
986617927
985328130
985211797
983643078
983552699
980822129
980007145
979934706
979241021
976925987
976643496
974713321
974509047
971777788
971397299
971374844
969763203
969332717
967789992
967500551
966876705
965610589
965056814
962712630
961411529
961007564
959899677
959365550
959117869
957963419
957879501
956711455
956315414
955996086
955789618
955604891
954491638
954378211
952944589
950438802
950339987
949425876
948841304
948563982
946883516
946199027
944181846
943779421
943764098
942790359
938522800
935976248
935526809
935189987
934886402
933909155
931100931
930513611
930437568
930239184
930236533
928208347
928130761
927420477
927068696
924584223
922334761
922135332
921160611
920287333
919577807
919553076
917818256
916339946
915806626
915647157
915302875
915047070
914310717
913004504
912646962
907886219
907337134
905606287
903564762
903157297
902950495
901875814
900914222
898477738
898438715
898279679
896628668
896144065
895820904
895818802
894295258
893590331
892170306
891714868
890352286
889976291
886988554
886679720
884219909
884186769
882309491
881784342
881438888
880393522
879855767
878805760
878171763
877929442
877815919
876831820
876520370
876384978
874945002
874788798
874186573
872825113
872005603
871426445
870296801
869134946
868960683
867953980
867883109
864352607
862826887
861839475
861479920
859031179
858542272
857327999
857012536
855536461
855163977
854580538
852585772
852538649
852482338
851450029
851448279
849479079
848772797
848705119
847723151
846615278
845770452
845513504
844953229
844523853
843824804
842805611
842732193
839928969
839555675
838016898
836356277
832129087
831909265
830990881
830742403
829799920
829137098
828293043
827044898
826923017
825402360
823104697
823097984
822023635
821392804
821202857
819980904
819522166
819038040
819007492
817220293
817026110
815602444
814897789
813027571
812426236
812105401
810518695
809216597
809011380
808979401
807611564
806967236
805534186
804428754
801939024
800240482
798864901
798286458
798169315
797854234
797661756
797176956
795889844
795533825
795081011
794057940
793105945
791812089
790690318
790488995
788677465
787692522
785633709
785507559
784079468
783328747
783123157
781462084
781292577
779521633
777735320
777344100
777326578
776709976
774876802
774481085
772746754
771718536
770923413
767917820
767687935
767235189
766794147
765946230
765662726
764467571
763411410
763255617
762251301
760377893
759425460
758846264
758643652
758519734
758167968
756374343
754477265
754234390
753920916
753351768
753074145
751779704
749586659
748578795
748530996
747876451
747829910
747366249
746926639
746618066
746579605
744216616
743833116
743407358
739539446
739210121
739199766
736884255
736145676
736058416
735691602
735584528
735293360
733758305
731750293
731674230
729379685
729207043
726959826
726684656
726504119
726184547
726113318
725885525
725757147
725458644
722939301
722212529
722199273
721967832
720044802
719409685
718672454
717588681
716532038
715358259
715101992
714093741
713600000
713496998
711780203
711777592
711397425
710543042
708254879
707830784
707266638
705705094
705654219
704712676
704607312
703986460
702524072
702442418
701872437
701254063
700556601
700450919
698607086
698205322
697518773
696166541
696065818
694397255
693719822
693195805
691960752
691068689
690524804
690029236
689104287
687742159
685512308
685132476
684184583
684019260
683812366
683293710
682831900
682275217
678603504
678074014
677786577
676789456
676623722
676273353
676216448
674943467
673867064
673641706
673423024
672712505
670220889
670094482
669553078
669512268
668609377
668445815
668268654
665633924
665533801
664174026
663941082
663638132
661635303
661027656
659751936
658804790
658772395
658320969
657191650
656135830
655563553
653739977
653541654
652800444
652646097
652135624
650410980
650400969
650097700
648429236
648017189
647840339
647508094
646608808
646285665
646085471
646047638
644994594
644434449
643976976
643300971
642962564
642718838
642473498
641831601
639737388
636636130
635960767
635827886
634507800
633920685
633796772
630905953
630812852
627804585
626347738
626011194
625438118
624772849
624022281
623133771
622520971
622401672
621871362
621451032
620976028
619067358
618997632
618318905
617641650
616937284
615555844
614973937
613932328
612765088
611505802
610517769
610231658
609552309
608451493
608434548
608161956
607049878
607035058
606777754
604767624
603462371
602245770
601847686
601503281
600436566
599720264
597618452
596299623
594950323
594109264
592720383
591678802
591623750
591579491
588807580
587220830
585870933
583291432
583123514
581961939
581807128
580706287
580523951
580355493
579187718
578963047
578368489
578193006
577969505
577502242
576296650
576186263
576056964
575642428
572664228
571451628
571324837
571271486
571194538
569621186
567805824
567717029
566515058
566513227
564562989
564470267
561725132
561508496
561354564
561235338
559824936
559134200
556302897
555902419
555055662
554357554
553121822
552698627
552156155
550355272
548802703
548720287
548648735
548441095
548256024
547311867
547063504
546918280
546619759
545177261
544737692
544604735
543541350
543392560
542723246
542558731
541764557
540759617
540184183
539370677
539068053
538675485
537510097
535383778
534414817
531576268
531408024
529363711
529160659
528835452
527281391
526742177
525878621
525767938
525023093
524850291
524407217
524121652
523229626
523184466
520317975
520311119
519964080
519816925
519271359
516382711
515799694
515312846
514141079
514049942
513995858
513475806
513339307
513017039
512874642
512692858
510912933
509755126
507871774
507696917
504981714
504940051
504718934
503900606
502222305
502072951
501765458
499824914
498652801
498367378
498064047
498032816
497741503
497422032
497205067
494483201
492586196
492175276
491878071
490220739
490174248
489024349
488717377
486861385
486717996
485343491
485155529
484145205
483411688
482487094
481600573
481010479
480543290
477007729
476914654
476326828
474615268
472562530
470259546
470030210
469988102
469814926
468694542
468536578
467735751
467694948
467056988
466380214
465536931
465346766
465115229
463758586
463516672
462830621
462647389
461853724
461691738
461175728
460352797
459322876
458849445
457206035
456904562
456474900
456031980
453934450
453117706
450716633
450233569
450202806
449852845
449137665
448813460
448737249
447288084
447075865
443555308
440734964
439704794
438896687
438706870
435621691
434900436
434498732
433908892
432089934
431991836
431873260
428740377
428129199
422214272
421409814
421316413
420976714
419833513
419735902
418506586
418304855
416533785
414700477
414218249
414112917
413482746
411759085
411750857
411463245
411430603
411170454
410762161
410551585
410411332
409652073
409559759
409511823
408361181
407562647
407252275
406735366
405698988
405541033
405377330
405303119
404509432
403896514
403190401
403001241
402157970
400925997
398534899
398468628
398327733
396218334
395798699
395440737
394349877
394007577
392784344
392254872
391971628
391660498
391265451
390789732
390700899
389607694
389562088
389144233
387812001
387720937
386758923
386666905
384927554
384378539
383204778
381824031
380736251
379900666
379244650
379207365
377796552
377422261
377408890
377147674
377131967
374693832
372585396
372530298
370949771
369625676
369367241
369014377
368579340
367287595
366471921
365973939
365750999
364810370
364492324
363890827
363520091
363005445
361772260
361265700
359737422
359180277
358717219
358456342
358381926
358205741
358198589
358036869
356698630
356389736
356091058
356040324
351171670
350620424
350182307
350043353
346117892
342985427
341661278
341445098
340826256
340390465
340024017
339882574
338748645
338511221
337585051
336891549
335750409
335474038
333688736
331807332
331699679
330235989
330184337
330011021
329920895
329217238
329036449
326784652
326732821
326241907
323136097
320696655
320266719
319008195
318174119
316150059
315998524
315525577
315350739
315259046
313694515
313263089
313248613
312740232
312321252
311791116
311441690
311407864
310977369
310581986
310064854
309168230
308971351
308182312
307446026
306585734
306362800
305955588
303777562
303703694
301238009
297985104
297691106
297657795
296144765
294615144
293676462
292506867
292195335
290280672
287832849
287222882
286180110
285974542
284451451
283239360
282740435
281869388
279403042
278124842
277990406
277166080
277142464
276827848
276428255
274398270
272670393
272606593
270557477
269713264
269065447
268773588
268242429
268230176
267030689
263832388
263221294
263103230
262494126
261665430
260884996
260452443
260181343
259614104
257369204
257262622
256897527
256673716
252702009
252123346
250767668
249923445
249519663
249224352
249125807
249006141
246918940
246137792
245691265
245439012
244899573
244855122
244666472
244390377
242376876
241575496
240939620
239992869
238492011
237223246
236023174
234715550
232786629
232729918
231247355
231086770
230775329
230599662
230241173
229351653
225656498
224354144
223843954
222269684
222096569
222062972
221403882
219900008
219724224
219703280
218396187
217879034
217555441
216723641
215951054
214438007
213410432
211997404
209908966
208342993
208318119
207683675
205755982
205589465
204858201
203942876
203849482
203189703
202727991
201575441
200753028
200725122
199270647
199097011
198524655
197683246
195217306
193249502
192198234
191962395
191820060
191802851
191047264
190865105
189359016
188455941
188207406
187766885
187712606
186970572
186109537
185327753
184921972
184344962
181956742
181803890
180033751
178041690
177480064
175313885
174751272
174648205
174269453
173653823
171680022
170925887
170384925
169024906
167495019
166509494
162104436
161004736
159651708
159568763
157746891
157513221
157040317
156344136
156180250
155937049
155451298
155447118
154892225
154610244
153219671
151498554
149124691
149014922
147858969
145901493
145827213
145822589
145766738
144916338
144283955
141215661
141028905
140833319
140045558
139731379
139486566
139236628
136719094
136141045
135963288
135650995
133668841
130045775
129899471
129872371
129649461
129062671
127633161
125498462
125012990
123861347
122736204
121462883
120662993
119906029
119097022
115953534
115951014
114285696
112614684
112453512
111879942
109685723
108582216
107905285
107869711
107456189
105518533
104246359
101196934
100689220
100424966
100259833
99978418
99082366
97712927
97360133
96690891
96650638
94363880
93864973
93476103
91984285
91940774
88729888
88070011
87058899
87028046
86751921
86692512
86251192
86018668
85942415
85913752
84817466
84316472
84016717
83681582
83568586
83031036
81874780
80719338
80171628
78581886
78084112
77981999
77676812
76693926
76453696
75579464
75325856
75294634
74983054
74503576
73750082
70271878
69702351
69497010
69318455
67649282
66964561
66632452
64715995
64423800
60060968
58495735
58187333
57323506
56147069
55863043
55528992
54576415
53921072
53798490
53737312
52814055
52687659
51860324
51184600
50847673
50610309
47666835
47417614
46077839
45158400
37715163
37677828
37270077
35845748
35014756
33890934
33225729
32765322
32563964
32182667
31852879
31597017
30565875
29780299
29418220
26000868
25937652
25243597
24987788
23400032
22673440
22047460
21687391
21465018
18712537
17423072
16114219
15005028
14986021
14268633
12967472
12526965
11456899
10945985
10405407
10361683
9684631
7446249
7154709
5685813
4418300
4380420
4315766
1494137
1164871
521220
