5000
4294414933
4294264629
4291633022
4290391268
4289620560
4289193296
4288670774
4287480281
4287241989
4285246514
4283812396
4282557475
4282429389
4280379180
4279967696
4276598550
4274098003
4273217293
4272616522
4268958619
4268706199
4267538713
4265969281
4265871682
4264995506
4263584786
4263051518
4262254733
4262119553
4261869357
4261538934
4258890405
4255649582
4254677462
4253457654
4252850689
4251215630
4248715490
4248431442
4247132456
4246056529
4243617635
4242937584
4241596780
4240983543
4239909081
4238231314
4237455228
4235382999
4232450835
4231022011
4230613983
4226576338
4225490041
4223436916
4223290935
4222737076
4222280806
4221999720
4221783944
4220704458
4219325730
4217815248
4216613357
4213059138
4212629453
4209978219
4208622362
4206971171
4205629278
4201462470
4198598480
4198553430
4197537671
4196876570
4196464102
4192184324
4191059543
4189630160
4189265511
4186237276
4184252297
4183682224
4183644286
4183594088
4182482193
4180853610
4179261154
4177607108
4177094167
4177083876
4175622198
4170276897
4169575603
4168726414
4166614439
4166122318
4162897177
4162873668
4162317279
4160281014
4159967285
4158912407
4158704323
4157033085
4154150124
4152413345
4151260833
4149329323
4147898287
4146931536
4146779937
4146294148
4145011886
4143937947
4142345550
4142057380
4141729444
4140263104
4135673140
4134915280
4132097966
4130349061
4129738227
4128746014
4127651332
4126255716
4124240456
4123450152
4123306326
4121548669
4120886151
4120176041
4119919969
4116111426
4114245986
4113578581
4113324794
4112989743
4112516997
4112481960
4110757998
4109366420
4108827473
4108122734
4107775869
4106267326
4104669348
4104566621
4104017481
4103730124
4102983339
4101081487
4100696720
4099357201
4099251417
4097726854
4097484260
4097310057
4094696169
4093736373
4093217119
4093200951
4088730410
4088359483
4088297361
4086190392
4085716400
4085086355
4084059068
4082347074
4080016015
4079459142
4077801111
4077567674
4075993973
4075002401
4074871999
4074512495
4070343627
4070310163
4069602587
4066756328
4065765275
4065605869
4065500785
4064264365
4064079476
4061655401
4060729858
4059472932
4059307795
4059142614
4057148004
4056865621
4056656641
4056239390
4054265215
4054199521
4052860788
4049491453
4047928268
4047658863
4047036788
4046855136
4046765048
4046640796
4045070627
4044317449
4044073456
4042819500
4041229200
4039970655
4039227899
4033985580
4033129516
4030708418
4030641958
4030461638
4030267247
4029549516
4028849852
4028142826
4027678405
4023643125
4023533835
4022558061
4020617216
4019591687
4019353652
4017921391
4017208238
4015814869
4013644405
4013210779
4011587048
4011431679
4009273716
4008570548
4007130420
4006877603
4006662532
4005241028
4003313261
4002626739
4000119330
3999730400
3998812581
3998576206
3996259864
3989778918
3989359694
3988243506
3987811645
3982831063
3981121397
3978686139
3977934463
3975718835
3974999288
3973931692
3969463589
3969271201
3968300597
3968258550
3968255228
3968130710
3967430747
3967413124
3967235386
3967124355
3967074812
3964998240
3963321872
3962213708
3960686314
3960375733
3959072266
3958345690
3953433697
3952232651
3950980581
3950975222
3950824569
3950123533
3950075642
3945914515
3945041068
3944941894
3944494270
3944040878
3942692436
3941670871
3937826373
3933301903
3932543176
3932408179
3931371927
3930323681
3925842847
3925334124
3922514527
3919655338
3919535540
3918616844
3917526347
3917148017
3916997711
3915834845
3915718634
3914193911
3913145181
3911672678
3910472112
3910010646
3909995122
3908230321
3906513815
3906013451
3904492000
3903494420
3900962488
3900855206
3900440954
3897711248
3896806829
3896414184
3894433217
3894329205
3892575732
3891049106
3889528737
3889361354
3889241523
3888981711
3886255546
3885835030
3883678553
3882761641
3882524885
3881974513
3879661411
3879305641
3879260287
3878905181
3878846298
3878571613
3877755055
3875817162
3874400624
3873504021
3869735052
3867746068
3867302365
3864449200
3864324112
3862516818
3860726178
3853995670
3852239360
3851935194
3847301976
3847037626
3846386356
3846201101
3845266748
3840800576
3839849879
3839691315
3838353210
3838221410
3837964557
3836951005
3835767428
3835674598
3834212442
3834174950
3832169654
3831663261
3828737539
3825320359
3821327638
3820911950
3820907301
3819968074
3819765318
3819650684
3818127592
3817455268
3812960253
3812130669
3811911675
3810815737
3809153378
3807389534
3807383781
3806107518
3805929625
3805558766
3800120906
3799479456
3796842811
3792025495
3790807181
3790306021
3788847217
3785954468
3779909026
3777268684
3776178469
3772180152
3772118874
3770892989
3766519287
3763957851
3763671109
3763585228
3763135282
3761496167
3761447698
3761196249
3758243364
3757988953
3756270063
3754576576
3753491619
3752968427
3751824302
3749824808
3748795677
3747013334
3746367005
3746322301
3745782428
3745258168
3745159672
3743881855
3743346954
3743057467
3742230461
3741619387
3740747050
3740651209
3739121080
3738556428
3738475901
3738105244
3737576086
3737113114
3736327196
3735590533
3732634718
3731816136
3730414027
3728369193
3727391483
3726391699
3723742657
3723679016
3723619570
3722440619
3721892135
3720624644
3719711578
3717017854
3716896621
3714794732
3714770816
3712304371
3710934781
3709638535
3708671296
3708506125
3706893496
3706526419
3704510792
3703945016
3702033801
3699549771
3696413984
3693955261
3693783256
3693760225
3686805799
3685994414
3684762147
3683418117
3682988767
3682658441
3680576750
3679780013
3679731760
3679599252
3678458551
3676784592
3675733222
3668360201
3665787504
3664875781
3663962267
3661339753
3659472989
3659326225
3658339359
3657715831
3653046353
3651600121
3651172391
3650833344
3647643996
3647466897
3646640021
3645743777
3644791893
3643181746
3643031355
3642814121
3641355988
3640855410
3639652040
3637473558
3636964472
3635677083
3634620559
3632944030
3632885491
3632666639
3630178497
3629903276
3629410744
3628884563
3628184133
3626643424
3626369729
3625019897
3624274378
3622943784
3622732176
3620855905
3620351197
3620126052
3619053586
3618186672
3618006971
3616551385
3616429472
3616342568
3615063886
3615023413
3614396797
3613882867
3605668517
3605585428
3605059473
3604619157
3604111869
3604051509
3603270270
3602889736
3601946850
3601178017
3599367898
3598546848
3598358362
3597510406
3597045739
3596785786
3596445303
3596078207
3595821946
3594796649
3594599676
3592133233
3591999938
3591819278
3590393122
3589012769
3588417243
3588279036
3588110584
3588051138
3587194074
3587159771
3585963852
3584258181
3580766558
3577393618
3575670251
3575441593
3574540561
3572774089
3572670680
3572564772
3570093103
3567830354
3566285103
3558483847
3557792742
3556008136
3554621760
3553821856
3552933774
3552244690
3551609601
3550614617
3550254261
3549731278
3548328907
3548002965
3547711699
3547489885
3546292278
3545605518
3544799086
3542091411
3539675601
3537956669
3535048495
3534782048
3534674470
3533466115
3531892326
3531010958
3529773238
3529753639
3529188535
3529181619
3526815888
3525003443
3524005318
3523461620
3521221830
3519285054
3518968165
3518733493
3518139424
3515800848
3514225840
3512738910
3512255541
3512114386
3507254215
3506718913
3506454480
3504882408
3504192585
3504176796
3504118815
3502369664
3501895044
3501452706
3500055531
3497883005
3497555914
3497247724
3496759747
3494297958
3493186044
3493069827
3493021306
3492360307
3492288475
3492016116
3490408703
3490404441
3489680989
3488780670
3485656683
3482028085
3480859385
3479889984
3479301357
3478598674
3478591885
3474600874
3473724273
3473473695
3472560657
3472203880
3472066136
3469580512
3469258868
3469101584
3466711813
3466422763
3466051629
3464762056
3464757318
3464564014
3464351970
3463903709
3461455399
3461313070
3460734891
3460385624
3458525303
3457376154
3455130556
3455081039
3455056574
3454875990
3452529769
3450378275
3449933172
3449446873
3449389552
3449249506
3448353123
3443622060
3440578418
3440176113
3439081630
3435901878
3432669874
3431618666
3430773374
3429041552
3428511939
3424602168
3423076312
3419934845
3417153295
3416889143
3414880135
3413639404
3413585018
3412245675
3410322786
3410042319
3409859028
3407938176
3405760798
3401182741
3399949634
3396464459
3396240036
3396223064
3396017805
3394658045
3392826751
3390212408
3389692422
3387866356
3385535102
3384317707
3383119509
3381267446
3381113290
3380283731
3378267768
3374417572
3368096796
3364500555
3364207862
3363885692
3362049748
3360417836
3360056265
3359859653
3359307202
3357194318
3356228708
3356208564
3353770747
3350629448
3347453775
3347107023
3345705025
3344079889
3343576662
3343103324
3342717726
3341487227
3341464905
3340348540
3340135958
3340072682
3339819927
3337847460
3337691706
3337631187
3337541274
3336707583
3335898053
3335058457
3334593010
3333350711
3333129529
3332945585
3331044969
3329219422
3328681413
3326896623
3325376232
3324362073
3323543207
3322261525
3321764142
3320968064
3320548716
3320393078
3319914175
3314332744
3313352246
3313140475
3312237384
3311110892
3310161517
3309653522
3309543221
3309168411
3308627496
3308210313
3307304291
3307247398
3305186012
3304931240
3302920751
3302265194
3302066226
3301027816
3298103029
3296581458
3293670475
3291955304
3291578221
3290784855
3290093812
3287775263
3287549279
3287362753
3286317626
3284849013
3280814150
3279107111
3277878940
3277847373
3277598451
3275897268
3275772219
3273762296
3273716132
3272971078
3270654297
3270451643
3270228183
3268956182
3268498163
3266172250
3265300785
3264263170
3259617566
3254873466
3250155399
3249669190
3248261802
3245876436
3245470807
3245435431
3243988254
3243546763
3243436528
3242128314
3240348450
3238438106
3238032509
3236061671
3235964733
3235624509
3234493421
3233739585
3233561282
3231851526
3230094665
3229586023
3229503671
3227130282
3226894712
3224450312
3223962104
3223934263
3223593217
3222360489
3218310235
3216110453
3214991200
3214911615
3214629900
3214560496
3213696475
3213244038
3212336841
3211515856
3208372639
3207489061
3207348224
3202520728
3201518273
3200148048
3200017708
3199534189
3199446078
3196736751
3196520475
3193909164
3193567805
3192197632
3191627294
3190183050
3190114293
3189670123
3189070421
3186869088
3184867982
3184473315
3184395334
3183783209
3182046089
3182041751
3178633526
3177934698
3177858247
3177689987
3177478923
3175231616
3175139956
3174950346
3172780176
3172012025
3170900954
3168848637
3167081653
3162400260
3159656560
3158844671
3158734381
3157630967
3154883802
3153113852
3150190280
3149326332
3148820624
3144548453
3144028955
3143767725
3142301451
3139885466
3139257315
3136069707
3135330279
3134922929
3134744879
3132511563
3131985934
3130450600
3130402791
3129847987
3126466993
3125953880
3125793575
3124987915
3124428610
3124315862
3123146642
3120410367
3118948780
3118207203
3116000606
3115491148
3114998786
3114123527
3114095871
3113139772
3111433829
3106564897
3104682256
3104648005
3100378397
3098571118
3098042591
3097596724
3097584263
3095269097
3094006672
3092980799
3089463575
3088481778
3088480827
3087711927
3086263794
3085298291
3083483509
3082441902
3080286768
3079737580
3079510150
3078233844
3076529261
3073932954
3073506044
3071089362
3069267283
3068788284
3067806756
3066859468
3066684051
3066674625
3065440530
3064019692
3062026607
3060932572
3060582998
3058821749
3058540651
3057611273
3056874809
3055051929
3053512503
3052090713
3051899710
3051561926
3051102938
3048251391
3047401620
3046320047
3045653459
3045326152
3044322005
3043959670
3041925626
3041870897
3038549664
3036789258
3034968773
3032573342
3030874208
3030660051
3028687689
3028661434
3026216738
3025528651
3023944336
3023773433
3018862939
3017288222
3016804668
3015956963
3015678458
3011198910
3009427924
3009012071
3008751249
3006325024
3005022235
3004460211
3003932594
3003418397
3002939185
3001595247
3001101391
2999427105
2998930731
2998648371
2996686990
2993473455
2993109677
2992108190
2992046993
2991798797
2991790031
2991227662
2990118189
2989482188
2989156606
2989037409
2988244100
2985987576
2985063693
2984817884
2983578058
2978522267
2977446127
2977436967
2976635788
2976435876
2975706859
2974788071
2974694471
2974463381
2973500532
2973000687
2972756914
2971548725
2970117479
2968293702
2967785592
2963194643
2962633784
2960209991
2955689652
2953646350
2952509408
2952174095
2952072287
2950357655
2949567019
2948358094
2946163239
2945911000
2944776509
2944694683
2943257961
2937360811
2933884669
2931980264
2928765274
2928066653
2926121854
2925833511
2925543298
2924112764
2923423027
2922965060
2921668712
2919250568
2919126638
2916050645
2915651090
2913666602
2913293348
2912522822
2911217239
2909971676
2909657112
2909217257
2909118786
2904576940
2901854576
2900186200
2899897462
2899491949
2898097257
2897432459
2896079741
2895725536
2893711747
2891801449
2890442362
2885564019
2885556343
2884294051
2884183628
2882023754
2881522226
2881033341
2879732851
2879490056
2876009451
2874835732
2873834819
2870595864
2868797159
2865742646
2864065820
2864044550
2863900014
2858166403
2857892141
2857305233
2857215904
2857001827
2856825401
2855035915
2852928247
2851877510
2850883688
2849323621
2849239507
2848302190
2847637065
2847593837
2847163757
2845560941
2843395993
2842676968
2842323006
2840119254
2839872724
2838377758
2838209104
2837377674
2833387442
2829978892
2829091344
2828895171
2827449172
2825034181
2824854475
2824697823
2824578853
2823239637
2822879033
2822791298
2821977351
2821599269
2821333204
2819649138
2818808277
2818410942
2817970718
2817815440
2816311072
2815449652
2815118025
2814377936
2814164053
2813410844
2812139086
2811873413
2810513044
2808910700
2807689640
2807679398
2807110838
2806789878
2805390641
2804871544
2804129730
2801726453
2799875023
2795171722
2791562604
2790981558
2790497800
2788020013
2787745701
2787434194
2785284748
2781638634
2780540318
2779721987
2777911343
2776483895
2773172500
2771507882
2771223366
2770398866
2769986191
2768074876
2764689893
2763855265
2763681273
2762222429
2761871072
2761281644
2757984775
2757830708
2756847448
2756647736
2753102812
2746960848
2744397246
2742773475
2741421948
2740141720
2737745675
2736412349
2735984090
2729096074
2729095911
2728867736
2728262248
2728154258
2727909711
2727323484
2724402536
2723829506
2722884926
2721505921
2719313323
2717912095
2716370773
2716288610
2715913059
2714932941
2714594229
2714348354
2714275783
2714141649
2713555807
2713134484
2712758302
2712344425
2711184055
2710858632
2710695293
2709463238
2708151844
2707789488
2706147750
2705363748
2702642280
2702595341
2702564699
2699087853
2696635586
2696570567
2695914932
2695313238
2693851689
2692377964
2691764694
2691598152
2690930561
2690705739
2686652791
2686585184
2684443306
2683650206
2682249867
2679090219
2678634374
2676561624
2676255502
2674496572
2673782282
2671558533
2670958080
2670487311
2666170960
2664377590
2663817683
2660176681
2658312264
2657611376
2655758728
2653767016
2652582852
2652507088
2651517940
2650578593
2649854246
2648189425
2647762031
2647205661
2647122737
2646783332
2646424415
2645733343
2644773299
2643202059
2642705239
2642455592
2640623604
2640288532
2639531008
2637968848
2637919206
2636740843
2636244541
2635218677
2634630643
2631895885
2631212841
2630657200
2630250486
2629518289
2626267435
2626020071
2624985454
2624155301
2623016696
2622337126
2621891192
2621240321
2620454680
2619311736
2619275379
2617053962
2616445990
2614903162
2614321550
2613694009
2610805191
2610261339
2608724490
2608024095
2605128002
2604270212
2604025763
2600608356
2598100140
2597479371
2596403302
2593798504
2591221436
2589979444
2589217774
2589075313
2588775489
2586363484
2582875688
2582294423
2580651455
2580058347
2579245684
2578797332
2578089210
2577931133
2576951846
2574647587
2574608115
2574423682
2573556903
2572575167
2571902234
2569484630
2568660161
2566340728
2566113092
2565853548
2565729177
2563916656
2562122872
2560669759
2560036457
2557090507
2555946972
2555515138
2554662371
2554506395
2553353219
2552750298
2552135001
2551343092
2550913293
2550507534
2550269774
2549835513
2549491378
2547629443
2546928679
2546778454
2546615107
2544705694
2543941405
2543181075
2540988741
2540723220
2537998693
2537002209
2536643274
2536534974
2536022528
2535953537
2535391690
2531690125
2531072663
2528514786
2527992148
2525311095
2525078178
2524212348
2523000974
2522451025
2522368297
2517296312
2516817856
2512270951
2512001742
2510862407
2510638595
2507763897
2507476459
2506826409
2506329711
2505060434
2500286911
2499260689
2499143288
2498660087
2496342024
2495636608
2494844706
2494651737
2494340597
2492530407
2490050076
2488109251
2486658268
2483673515
2483241382
2481895798
2481425324
2480640191
2480638276
2475492430
2474594366
2473394641
2472835490
2471417803
2469918230
2469608233
2468623356
2463922239
2458883071
2456639255
2455751906
2455103699
2454252815
2452363649
2451945742
2450627001
2446306580
2445700916
2443956233
2441854271
2439550118
2439499477
2438816896
2438782387
2438271104
2438255240
2437255407
2433942164
2433303930
2429996251
2426650711
2426640580
2425612980
2423784543
2422890259
2419804765
2418722977
2417606623
2417354070
2415532364
2414995880
2412178788
2406834823
2406105196
2405460886
2404090518
2402231588
2400711075
2400246704
2398164728
2397754685
2397589020
2397189589
2396773817
2396712433
2394453484
2393354137
2390185125
2389159915
2388476151
2386676881
2384078335
2382153479
2382108699
2381488023
2380785756
2380568742
2380143522
2379171368
2378171429
2378034920
2377459001
2377214037
2376776125
2376387607
2372637596
2372415491
2368419096
2366580647
2366173059
2366049039
2364882425
2363978854
2363353181
2361838254
2360747298
2358169044
2357347362
2355697694
2355409078
2354859189
2353562098
2353292549
2351474697
2351209325
2351043334
2350448465
2350153387
2345955762
2344944025
2344520620
2344505169
2342846506
2342266224
2341949671
2341307156
2340235612
2337735395
2337632079
2337268402
2334475327
2334102540
2333714126
2332946448
2332518454
2332374903
2332098737
2332053749
2331658737
2330731148
2330424040
2330049960
2329309775
2328493734
2327199077
2326026384
2325804394
2325646428
2324694716
2324406160
2322770643
2321666967
2321272135
2319777769
2319576424
2316155026
2309148845
2308926576
2308081804
2308062100
2307635541
2307233184
2306570607
2306088806
2304232480
2304228774
2302190004
2301969085
2301954534
2299749639
2299645419
2297317358
2296610147
2296201350
2295171395
2294644832
2293144705
2290477479
2289507408
2288974422
2288390061
2288141733
2287435075
2285164810
2283918293
2281490909
2280506485
2279701552
2279418006
2279234803
2275883345
2275263618
2275036887
2273843134
2272996324
2271336272
2270376456
2270026874
2268693592
2268232005
2267918133
2264965346
2263643860
2262781575
2262425481
2261570389
2261341854
2260736310
2257651275
2253666925
2253064303
2252852231
2249286156
2248173871
2246345788
2245459567
2244247340
2243665847
2243186801
2243039500
2240933258
2239459343
2238858598
2237781454
2237713391
2237122678
2235882147
2234485271
2232553215
2231371620
2229353698
2229224329
2228731304
2228725780
2223791286
2223409385
2219315947
2218351616
2216781425
2215543832
2214922892
2214291351
2213859256
2213116099
2211960514
2211237193
2210680633
2209814003
2209303856
2208699235
2207770947
2204743834
2199853249
2198989491
2198044726
2197478955
2197267763
2193562509
2191222248
2189432336
2188697782
2187891296
2185508192
2185447002
2184949752
2184789399
2181162870
2180618675
2179950458
2179941714
2179381973
2179249036
2177735167
2176726770
2176079260
2175026847
2174949650
2169110433
2166938064
2165380660
2164135030
2163922612
2163244166
2162652303
2161365094
2161164057
2161012457
2155061434
2155022033
2153086366
2152873071
2151141608
2151084525
2150361371
2149182294
2147316053
2147014556
2146474848
2146072403
2145669456
2143623327
2142274283
2140342742
2140226235
2139951907
2138917594
2138812455
2138742566
2134045955
2131276267
2128453854
2128229947
2127488882
2126744201
2125676233
2124639556
2123504322
2122722203
2122672613
2122559757
2122458013
2121112491
2119499802
2119154791
2118773444
2117681092
2114562809
2112415906
2112325964
2112183527
2111557246
2109668554
2108616819
2105404678
2102243100
2099208395
2098771395
2097480378
2096811191
2094786989
2092852397
2091080530
2089910365
2089041109
2088446258
2087588630
2081974928
2081064911
2080174502
2079434266
2078701786
2078445373
2074442898
2074438724
2074227472
2069220557
2069055731
2068525129
2067360360
2064868014
2064517459
2062695571
2061824908
2061323187
2057681278
2052156226
2051171425
2050813407
2048065417
2047659349
2046500182
2046218818
2042380272
2041113458
2039568475
2039150390
2036512938
2036108814
2035126140
2035072510
2034982739
2032686775
2031952354
2030928190
2028833907
2028686398
2028562847
2025387056
2024889677
2024487507
2023373871
2022639417
2022427610
2020722895
2020376441
2019944110
2018285862
2016230392
2015686786
2013890065
2006839154
2004650064
2004157968
2001783562
2001480686
2001177398
2000942273
1993560103
1993366360
1992507316
1988578256
1988035011
1984182410
1982277255
1982066486
1980535663
1980254219
1979754375
1978708978
1978397604
1977539222
1976971656
1976454259
1971223393
1970499861
1967681409
1967611101
1967556268
1967448928
1967373333
1966273357
1964619227
1963741971
1963447223
1962359923
1962079855
1962030071
1958924169
1957164661
1956165737
1955388940
1954911237
1953544104
1953321435
1952923749
1952189773
1949158741
1947956192
1947354566
1945986781
1945643208
1945478418
1944682775
1944643333
1944216736
1942553831
1940668460
1940543942
1935748821
1933089100
1931254725
1931234191
1931216458
1930898763
1930195347
1929456362
1929366728
1928097305
1926855842
1926673774
1926630877
1925837993
1925330673
1924678265
1924238005
1923336928
1923082724
1919848560
1916285942
1913677431
1912264819
1909302614
1906100650
1905078326
1904211774
1904148952
1901401990
1901100056
1900125133
1899857788
1897278498
1897011710
1895225473
1894503592
1894077213
1888709302
1888546391
1886466178
1885839098
1885694730
1884875389
1883956693
1882224379
1880160803
1877450430
1873500179
1872371631
1872303685
1871301830
1870805081
1870340072
1869847994
1869753635
1868786571
1868654885
1867440126
1866482371
1865807975
1860222904
1858124265
1857064219
1853422299
1850237575
1847243032
1847008760
1846596723
1845232412
1845219525
1845040143
1844578780
1842595410
1840498375
1839109216
1839005486
1838183668
1836363108
1836081903
1835367399
1835286662
1833928820
1833626366
1832987761
1832084285
1828505698
1827833146
1826155979
1825699726
1825676150
1825027893
1823974419
1820057194
1818184556
1817182040
1816833944
1814947456
1809935340
1809855250
1809308713
1809193828
1808639902
1807218234
1806119081
1803584612
1803034261
1802675039
1802146181
1801154564
1800558615
1800519352
1798810595
1796543379
1795613554
1794297384
1792128204
1790988030
1790527399
1789754402
1788945539
1786314390
1785545671
1785107055
1783739417
1783305748
1783059070
1782409243
1781388147
1781240593
1780735318
1778090772
1777450186
1777429225
1776076537
1773994643
1773871074
1772002635
1771952886
1770383746
1769771697
1769544639
1768682776
1768270994
1767551364
1764887309
1762060594
1761877636
1761817403
1759916043
1759619240
1759304722
1758633544
1757679344
1756932545
1755478123
1754161569
1753131943
1752853610
1751203408
1749326554
1746380170
1744573553
1740896178
1740508235
1739405856
1738342829
1736647548
1736378564
1732819156
1730892290
1729718117
1728503883
1727934754
1726485015
1726390026
1725437828
1724397835
1723110698
1722508700
1722244270
1719113298
1716301546
1714742498
1711166965
1711137686
1710833165
1710224596
1709426146
1707561235
1706937075
1706766063
1705082992
1701048981
1700753994
1700160970
1699122501
1698441510
1695185347
1694933234
1694419274
1694082023
1689712127
1688867472
1688168989
1688079744
1687583199
1684813173
1681475800
1681317152
1680899038
1680697811
1678071583
1677729580
1675988377
1674541737
1671118021
1669229718
1667991080
1666933556
1665412381
1664793989
1664247542
1663457548
1662855587
1661064273
1660971804
1660275687
1658730607
1657750748
1655734036
1655544616
1653740337
1653372886
1653262826
1652550043
1652329987
1651787913
1651511496
1651364141
1650661442
1650300328
1649333521
1648538156
1648246119
1647800682
1647300322
1647299097
1646601706
1646289414
1645507446
1644230742
1644141015
1642569677
1639580791
1637401731
1637386162
1636535255
1636501481
1633292861
1633025692
1629269764
1627661212
1626466239
1625245704
1625144319
1624745614
1622722441
1622246302
1622175050
1622164331
1621683101
1621608338
1620464517
1620437559
1616992188
1615483727
1614349374
1613715297
1613405944
1612609450
1611685671
1611092411
1610494502
1607800554
1603272369
1601885931
1601520220
1601507969
1601234945
1600545904
1599480671
1599208723
1595885263
1595045851
1594781525
1594339352
1594224930
1593919483
1593650607
1591042096
1589937825
1585624652
1583369926
1578878148
1577922628
1577436350
1570638854
1570537623
1569119471
1566955821
1566575905
1566046020
1565189671
1564874784
1563437875
1561757181
1561465795
1559857361
1555856334
1553675850
1552854907
1551698760
1550993386
1549938234
1549689063
1548211019
1547472043
1547451915
1545487586
1545073462
1544950061
1543885263
1543608851
1541467981
1538751457
1537410347
1535953647
1535603051
1534741701
1532705871
1530011885
1529907934
1529496079
1528605865
1527006848
1525646651
1525588577
1524932008
1524297295
1522447057
1519599866
1519268267
1518962399
1518511926
1518107060
1517652005
1517553946
1512823714
1512389529
1510366101
1510016429
1509066961
1507122353
1506817066
1506399388
1506192864
1505349350
1504050933
1501322212
1501120020
1500255891
1499646292
1499083782
1498748726
1498721650
1496696741
1495552620
1495436262
1494586712
1493947456
1491315793
1490852483
1490464894
1487108521
1482819143
1482129500
1482028787
1481694338
1481231895
1480615786
1479147949
1479002253
1478922137
1477520606
1477375064
1477050799
1476402012
1476376714
1472441261
1469190561
1468337139
1467785722
1464623875
1462759182
1462077035
1459273439
1457787505
1455068224
1452546468
1452425702
1452039319
1449777303
1449117173
1446103495
1445248185
1443582000
1442109466
1441957305
1438486482
1436906289
1435182691
1434104081
1432896101
1430596956
1430354174
1429310512
1427086065
1427042640
1426581218
1426039264
1424812515
1424426154
1422925493
1421018948
1420758185
1420289989
1420035793
1418217154
1414169435
1414048783
1414035004
1413471628
1411680185
1411446130
1411210563
1410540700
1409817032
1409719022
1408395610
1407776587
1406843508
1404690056
1401201760
1400641107
1400241462
1398690947
1395396356
1393685203
1391764731
1390871692
1388145488
1385831090
1383341869
1381724806
1381051750
1380136477
1380124757
1377933942
1377453315
1374645572
1374141052
1372387214
1371481407
1369773568
1368735192
1368606426
1367720125
1366077705
1364398146
1363072640
1362968774
1362513594
1360338102
1359622367
1358119517
1354919473
1354752946
1352134554
1351591886
1349664634
1348906687
1346757209
1346319041
1342675569
1341089262
1339575813
1338898668
1337864377
1336837799
1335646399
1335405804
1335318333
1334636650
1329509307
1327786099
1327186157
1325738743
1325373794
1324144512
1323490040
1323013666
1322375509
1321509874
1320991349
1319652616
1318934117
1316631817
1316428888
1315494510
1314949916
1314606709
1312982209
1312565160
1311809447
1311393701
1310837962
1308008553
1305693707
1305079897
1302554825
1302409738
1299280262
1299066291
1298889803
1298860993
1297851677
1297439957
1295469042
1293415924
1293394098
1292233373
1292188421
1291570588
1289859594
1286796278
1286574967
1286560741
1286242039
1285723054
1283851049
1282994379
1282568832
1280118965
1279853663
1277491380
1275562465
1274205536
1274081695
1273931802
1273630198
1273411741
1269632189
1268988076
1268878954
1267610648
1267459832
1264820191
1263889000
1262645388
1261401188
1260185730
1260145701
1260143418
1259021589
1258364361
1257082072
1255693326
1255157677
1254281593
1253242600
1252338357
1252321421
1251865693
1251748131
1251565964
1250850336
1250718951
1247661441
1247493369
1246679035
1246075149
1245863081
1245821357
1245497777
1245180686
1244981947
1244740883
1243672954
1242320065
1239370611
1239280790
1239265281
1238370507
1238339845
1237833164
1235576109
1233299540
1232587138
1231897851
1231653728
1230818241
1229574042
1226362866
1225191228
1225191228
1225191228
1225191228
1225191228
1225191228
1225191228
1225191228
1225191228
1225191228
1225191228
1225191228
1225191228
1225191228
1225191228
1225191228
1225191228
1225191228
1225191228
1225191228
1225191228
1225191228
1225191228
1225191228
1225191228
1225191228
1225191228
1225191228
1225191228
1225191228
1225191228
1225191228
1225191228
1225191228
1225191228
1225191228
1225191228
1225191228
1225191228
1225191228
1225191228
1225191228
1225191228
1225191228
1225191228
1225191228
1225191228
1225191228
1225191228
1225191228
1225191228
1225191228
1225191228
1225191228
1225191228
1225191228
1225191228
1225191228
1225191228
1225191228
1225191228
1225191228
1225191228
1225191228
1225191228
1225191228
1225191228
1225191228
1225191228
1225191228
1225191228
1225191228
1225191228
1225191228
1225191228
1225191228
1225191228
1225191228
1225191228
1225191228
1225191228
1225191228
1225191228
1225191228
1225191228
1225191228
1225191228
1225191228
1225191228
1225191228
1225191228
1225191228
1225191228
1225191228
1225191228
1225191228
1225191228
1225191228
1225191228
1225191228
1225191228
1225191228
1225191228
1225191228
1225191228
1225191228
1225191228
1225191228
1225191228
1225191228
1225191228
1225191228
1225191228
1225191228
1225191228
1225191228
1225191228
1225191228
1225191228
1225191228
1225191228
1225191228
1225191228
1225191228
1225191228
1225191228
1225191228
1225191228
1225191228
1225191228
1225191228
1225191228
1225191228
1225191228
1225191228
1225191228
1225191228
1225191228
1225191228
1225191228
1225191228
1225191228
1225191228
1225191228
1225191228
1225191228
1225191228
1225191228
1225191228
1225191228
1225191228
1225191228
1225191228
1225191228
1225191228
1225191228
1225191228
1225191228
1225191228
1225191228
1225191228
1225191228
1225191228
1225191228
1225191228
1225191228
1225191228
1225191228
1225191228
1225191228
1225191228
1225191228
1225191228
1225191228
1225191228
1225191228
1225191228
1225191228
1225191228
1225191228
1225191228
1225191228
1225191228
1225191228
1225191228
1225191228
1225191228
1225191228
1225191228
1225191228
1225191228
1225191228
1225191228
1225191228
1225191228
1225191228
1225191228
1225191228
1225191228
1225191228
1225191228
1225191228
1225191228
1225191228
1225191228
1225191228
1225191228
1225191228
1225191228
1225191228
1225191228
1225191228
1225191228
1225191228
1225191228
1225191228
1225191228
1225191228
1225191228
1225191228
1225191228
1225191228
1225191228
1225191228
1225191228
1225191228
1225191228
1225191228
1225191228
1225191228
1225191228
1225191228
1225191228
1225191228
1225191228
1225191228
1225191228
1225191228
1225191228
1225191228
1225191228
1225191228
1225191228
1225191228
1225191228
1225191228
1225191228
1225191228
1225191228
1225191228
1225191228
1225191228
1225191228
1225191228
1225191228
1225191228
1225191228
1225191228
1225191228
1225191228
1225191228
1225191228
1225191228
1225191228
1225191228
1225191228
1225191228
1225191228
1225191228
1225191228
1225191228
1225191228
1225191228
1225191228
1225191228
1225191228
1225191228
1225191228
1225191228
1225191228
1225191228
1225191228
1225191228
1225191228
1225191228
1225191228
1225191228
1225191228
1225191228
1225191228
1225191228
1225191228
1225191228
1225191228
1225191228
1225191228
1225191228
1225191228
1225191228
1225191228
1225191228
1225191228
1225191228
1225191228
1225191228
1225191228
1225191228
1225191228
1225191228
1225191228
1225191228
1225191228
1225191228
1225191228
1225191228
1225191228
1225191228
1225191228
1225191228
1225191228
1225191228
1225191228
1225191228
1225191228
1225191228
1225191228
1225191228
1225191228
1225191228
1225191228
1225191228
1225191228
1225191228
1225191228
1225191228
1225191228
1225191228
1225191228
1225191228
1225191228
1225191228
1225191228
1225191228
1225191228
1225191228
1225191228
1225191228
1225191228
1225191228
1225191228
1225191228
1225191228
1225191228
1225191228
1225191228
1225191228
1225191228
1225191228
1225191228
1225191228
1225191228
1225191228
1225191228
1225191228
1225191228
1225191228
1225191228
1225191228
1225191228
1225191228
1225191228
1225191228
1225191228
1225191228
1225191228
1225191228
1225191228
1225191228
1225191228
1225191228
1225191228
1225191228
1225191228
1225191228
1225191228
1225191228
1225191228
1225191228
1225191228
1225191228
1225191228
1225191228
1225191228
1225191228
1225191228
1225191228
1225191228
1225191228
1225191228
1225191228
1225191228
1225191228
1225191228
1225191228
1225191228
1225191228
1225191228
1225191228
1225191228
1225191228
1225191228
1225191228
1225191228
1225191228
1225191228
1225191228
1225191228
1225191228
1225191228
1225191228
1225191228
1225191228
1225191228
1225191228
1225191228
1225191228
1225191228
1225191228
1225191228
1225191228
1225191228
1225191228
1225191228
1225191228
1225191228
1225191228
1225191228
1225191228
1225191228
1225191228
1225191228
1225191228
1225191228
1225191228
1225191228
1225191228
1225191228
1225191228
1225191228
1225191228
1225191228
1225191228
1225191228
1225191228
1225191228
1225191228
1225191228
1225191228
1225191228
1225191228
1225191228
1225191228
1225191228
1225191228
1225191228
1225191228
1225191228
1225191228
1225191228
1225191228
1225191228
1225191228
1225191228
1225191228
1225191228
1225191228
1225191228
1225191228
1225191228
1225191228
1225191228
1225191228
1225191228
1225191228
1225191228
1225191228
1225191228
1225191228
1225191228
1225191228
1225191228
1225191228
1225191228
1225191228
1225191228
1225191228
1225191228
1225191228
1225191228
1225191228
1225191228
1225191228
1225191228
1225191228
1225191228
1225191228
1225191228
1225191228
1225191228
1225191228
1225191228
1225191228
1225191228
1225191228
1225191228
1225191228
1225191228
1225191228
1225191228
1225191228
1225191228
1225191228
1225191228
1225191228
1225191228
1225191228
1225191228
1225191228
1225191228
1225191228
1225191228
1225191228
1225191228
1225191228
1225191228
1225191228
1225191228
1225191228
1225191228
1225191228
1225191228
1225191228
1225191228
1225191228
1225191228
1225191228
1225191228
1225191228
1225191228
1225191228
1225191228
1225191228
1225191228
1225191228
1225191228
1225191228
1225191228
1225191228
1225191228
1225191228
1225191228
1225191228
1225191228
1225191228
1225191228
1225191228
1225191228
1225191228
1225191228
1225191228
1225191228
1225191228
1225191228
1225191228
1225191228
1225191228
1225191228
1225191228
1225191228
1225191228
1225191228
1225191228
1225191228
1225191228
1225191228
1225191228
1225191228
1225191228
1225191228
1225191228
1225191228
1225191228
1225191228
1225191228
1225191228
1225191228
1225191228
1225191228
1225191228
1225191228
1225191228
1225191228
1225191228
1225191228
1225191228
1225191228
1225191228
1225191228
1225191228
1225191228
1225191228
1225191228
1225191228
1225191228
1225191228
1225191228
1225191228
1225191228
1225191228
1225191228
1225191228
1225191228
1225191228
1225191228
1225191228
1225191228
1225191228
1225191228
1225191228
1225191228
1225191228
1225191228
1225191228
1225191228
1225191228
1225191228
1225191228
1225191228
1225191228
1225191228
1225191228
1225191228
1225191228
1225191228
1225191228
1225191228
1225191228
1225191228
1225191228
1225191228
1225191228
1225191228
1225191228
1225191228
1225191228
1225191228
1225191228
1225191228
1225191228
1225191228
1225191228
1225191228
1225191228
1225191228
1225191228
1225191228
1225191228
1225191228
1225191228
1225191228
1225191228
1225191228
1225191228
1225191228
1225191228
1225191228
1225191228
1225191228
1225191228
1225191228
1225191228
1225191228
1225191228
1225191228
1225191228
1225191228
1225191228
1225191228
1225191228
1225191228
1225191228
1225191228
1225191228
1225191228
1225191228
1225191228
1225191228
1225191228
1225191228
1225191228
1225191228
1225191228
1225191228
1225191228
1225191228
1225191228
1225191228
1225191228
1225191228
1225191228
1225191228
1225191228
1225191228
1225191228
1225191228
1225191228
1225191228
1225191228
1225191228
1225191228
1225191228
1225191228
1225191228
1225191228
1225191228
1225191228
1225191228
1225191228
1225191228
1225191228
1225191228
1225191228
1225191228
1225191228
1225191228
1225191228
1225191228
1225191228
1225191228
1225191228
1225191228
1225191228
1225191228
1225191228
1225191228
1225191228
1225191228
1225191228
1225191228
1225191228
1225191228
1225191228
1225191228
1225191228
1225191228
1225191228
1225191228
1225191228
1225191228
1225191228
1225191228
1225191228
1225191228
1225191228
1225191228
1225191228
1225191228
1225191228
1225191228
1225191228
1225191228
1225191228
1225191228
1225191228
1225191228
1225191228
1225191228
1225191228
1225191228
1225191228
1225191228
1225191228
1225191228
1225191228
1225191228
1225191228
1225191228
1225191228
1225191228
1225191228
1225191228
1225191228
1225191228
1225191228
1225191228
1225191228
1225191228
1225191228
1225191228
1225191228
1225191228
1225191228
1225191228
1225191228
1225191228
1225191228
1225191228
1225191228
1225191228
1225191228
1225191228
1225191228
1225191228
1225191228
1225191228
1225191228
1225191228
1225191228
1225191228
1225191228
1225191228
1225191228
1225191228
1225191228
1225191228
1225191228
1225191228
1225191228
1225191228
1225191228
1225191228
1225191228
1225191228
1225191228
1225191228
1225191228
1225191228
1225191228
1225191228
1225191228
1225191228
1225191228
1225191228
1225191228
1225191228
1225191228
1225191228
1225191228
1225191228
1225191228
1225191228
1225191228
1225191228
1225191228
1225191228
1225191228
1225191228
1225191228
1225191228
1225191228
1225191228
1225191228
1225191228
1225191228
1225191228
1225191228
1225191228
1225191228
1225191228
1225191228
1225191228
1225191228
1225191228
1225191228
1225191228
1225191228
1225191228
1225191228
1225191228
1225191228
1225191228
1225191228
1225191228
1225191228
1225191228
1225191228
1225191228
1225191228
1225191228
1225191228
1225191228
1225191228
1225191228
1225191228
1225191228
1225191228
1225191228
1225191228
1225191228
1225191228
1225191228
1225191228
1225191228
1225191228
1225191228
1225191228
1225191228
1225191228
1225191228
1225191228
1225191228
1225191228
1225191228
1225191228
1225191228
1225191228
1225191228
1225191228
1225191228
1225191228
1225191228
1225191228
1225191228
1225191228
1225191228
1225191228
1225191228
1225191228
1225191228
1225191228
1225191228
1225191228
1225191228
1225191228
1225191228
1225191228
1225191228
1225191228
1225191228
1225191228
1225191228
1225191228
1225191228
1225191228
1225191228
1225191228
1225191228
1225191228
1225191228
1225191228
1225191228
1225191228
1225191228
1225191228
1225191228
1225191228
1225191228
1225191228
1225191228
1225191228
1225191228
1225191228
1225191228
1225191228
1225191228
1225191228
1225191228
1225191228
1225191228
1225191228
1225191228
1225191228
1225191228
1225191228
1225191228
1225191228
1225191228
1225191228
1225191228
1225191228
1225191228
1225191228
1225191228
1225191228
1225191228
1225191228
1225191228
1225191228
1225191228
1225191228
1225191228
1225191228
1225191228
1225191228
1225191228
1225191228
1225191228
1225191228
1225191228
1225191228
1225191228
1225191228
1225191228
1225191228
1225191228
1225191228
1225191228
1225191228
1225191228
1225191228
1225191228
1225191228
1225191228
1225191228
1225191228
1225191228
1225191228
1225191228
1225191228
1225191228
1225191228
1225191228
1225191228
1225191228
1225191228
1225191228
1225191228
1225191228
1225191228
1225191228
1225191228
1225191228
1225191228
1225191228
1225191228
1225191228
1225191228
1225191228
1225191228
1225191228
1225191228
1225191228
1225191228
1225191228
1225191228
1225191228
1225191228
1225191228
1225191228
1225191228
1225191228
1225191228
1225191228
1225191228
1225191228
1225191228
1225191228
1225191228
1225191228
1225191228
1225191228
1225191228
1225191228
1225191228
1225191228
1225191228
1225191228
1225191228
1225191228
1225191228
1225191228
1225191228
1225191228
1225191228
1225191228
1225191228
1225191228
1225191228
1225191228
1225191228
1225191228
1225191228
1225191228
1225191228
1225191228
1225191228
1225191228
1225191228
1225191228
1225191228
1225191228
1225191228
1225191228
1225191228
1225191228
1225191228
1225191228
1225191228
1225191228
1225191228
1225191228
1225191228
1225191228
1225191228
1225191228
1225191228
1225191228
1225191228
1225191228
1225191228
1225191228
1225191228
1225191228
1225191228
1225191228
1225191228
1225191228
1225191228
1225191228
1225191228
1225191228
1225191228
1225191228
1225191228
1225191228
1225191228
1225191228
1225191228
1225191228
1225191228
1225191228
1225191228
1225191228
1225191228
1225191228
1225191228
1225191228
1225191228
1225191228
1225191228
1225191228
1225191228
1225191228
1225191228
1225191228
1225191228
1225191228
1225191228
1225191228
1225191228
1225191228
1225191228
1225191228
1225191228
1225191228
1225191228
1225191228
1225191228
1225191228
1225191228
1225191228
1225191228
1225191228
1225191228
1225191228
1225191228
1225191228
1225191228
1225191228
1225191228
1225191228
1225191228
1225191228
1225191228
1225191228
1225191228
1225191228
1225191228
1225191228
1225191228
1225191228
1225191228
1225191228
1225191228
1225191228
1225191228
1225191228
1225191228
1225191228
1225191228
1225191228
1225191228
1225191228
1225191228
1225191228
1225191228
1225191228
1225191228
1225191228
1225191228
1225191228
1225191228
1225191228
1225191228
1225191228
1225191228
1225191228
1225191228
1225191228
1225191228
1225191228
1225191228
1225191228
1225191228
1225191228
1225191228
1225191228
1225191228
1225191228
1225191228
1225191228
1225191228
1225191228
1225191228
1225191228
1225191228
1225191228
1225191228
1225191228
1225191228
1225191228
1225191228
1225191228
1225191228
1225191228
1225191228
1225191228
1225191228
1225191228
1225191228
1225191228
1225191228
1225191228
1225191228
1225191228
1225191228
1225191228
1225191228
1225191228
1225191228
1225191228
1225191228
1225191228
1225191228
1225191228
1225191228
1225191228
1225191228
1225191228
1225191228
1225191228
1225191228
1225191228
1225191228
1225191228
1225191228
1225191228
1225191228
1225191228
1225191228
1225191228
1225191228
1225191228
1225191228
1225191228
1225191228
1225191228
1225191228
1225191228
1225191228
1225191228
1225191228
1225191228
1225191228
1225191228
1225191228
1225191228
1225191228
1225191228
1225191228
1225191228
1225191228
1225191228
1225191228
1225191228
1225191228
1225191228
1225191228
1225191228
1225191228
1225191228
1225191228
1225191228
1225191228
1225191228
1225191228
1225191228
1225191228
1225191228
1225191228
1225191228
1225191228
1225191228
1225191228
1225191228
1225191228
1225191228
1225191228
1225191228
1225191228
1225191228
1225191228
1225191228
1225191228
1225191228
1225191228
1225191228
1225191228
1225191228
1225191228
1225191228
1225191228
1225191228
1225191228
1225191228
1225191228
1225191228
1225191228
1225191228
1225191228
1225191228
1225191228
1225191228
1225191228
1225191228
1225191228
1225191228
1225191228
1225191228
1225191228
1225191228
1225191228
1225191228
1225191228
1225191228
1225191228
1225191228
1225191228
1225191228
1225191228
1225191228
1225191228
1225191228
1225191228
1225191228
1225191228
1225191228
1225191228
1225191228
1225191228
1225191228
1225191228
1225191228
1225191228
1225191228
1225191228
1225191228
1225191228
1225191228
1225191228
1225191228
1225191228
1225191228
1225191228
1225191228
1225191228
1225191228
1225191228
1225191228
1225191228
1225191228
1225191228
1225191228
1225191228
1225191228
1225191228
1225191228
1225191228
1225191228
1225191228
1225191228
1225191228
1225191228
1225191228
1225191228
1225191228
1225191228
1225191228
1225191228
1225191228
1225191228
1225191228
1225191228
1225191228
1225191228
1225191228
1225191228
1225191228
1225191228
1225191228
1225191228
1225191228
1225191228
1225191228
1225191228
1225191228
1225191228
1225191228
1225191228
1225191228
1225191228
1225191228
1225191228
1225191228
1225191228
1225191228
1225191228
1225191228
1225191228
1225191228
1225191228
1225191228
1225191228
1225191228
1225191228
1225191228
1225191228
1225191228
1225191228
1225191228
1225191228
1225191228
1225191228
1225191228
1225191228
1225191228
1225191228
1225191228
1225191228
1225191228
1225191228
1225191228
1225191228
1225191228
1225191228
1225191228
1225191228
1225191228
1225191228
1225191228
1225191228
1225191228
1225191228
1225191228
1225191228
1225191228
1225191228
1225191228
1225191228
1225191228
1225191228
1225191228
1225191228
1225191228
1225191228
1225191228
1225191228
1225191228
1225191228
1225191228
1225191228
1225191228
1225191228
1225191228
1225191228
1225191228
1225191228
1225191228
1225191228
1225191228
1223707294
1221010625
1218965747
1217914317
1217054487
1216124754
1215786361
1215309844
1214234058
1212144707
1211573789
1207836170
1207644876
1204846507
1204327671
1203715189
1203088833
1202704465
1201801060
1198288065
1197604264
1196245344
1195847528
1195508997
1194850412
1190392216
1186673945
1186424545
1184295972
1182596021
1181843603
1180525663
1180515291
1178512519
1178141531
1177364571
1174272592
1174218465
1173565199
1172635185
1170498164
1168179925
1167339478
1166207345
1165781521
1165770371
1165463003
1165309962
1163824293
1162579961
1162136352
1161794385
1159986410
1158914086
1158197030
1154795461
1154263153
1152808490
1150843855
1148311043
1147795256
1147686317
1147267222
1145773163
1145569814
1144508981
1144336742
1141082479
1140609005
1140329763
1140309032
1139737368
1139160282
1136290222
1134545178
1133547848
1132498554
1132108574
1132000221
1131555692
1128752019
1128290005
1124571183
1123265531
1119940515
1119428448
1117373234
1117002275
1114313611
1113477641
1112276447
1111504162
1110223222
1110128963
1108011565
1107928600
1106425093
1104444301
1104311468
1103197059
1102111403
1100364606
1097284334
1097174454
1093620516
1092533852
1091525677
1090587415
1087594663
1087104902
1086979254
1086758776
1085261730
1082332898
1079498296
1078404089
1076660866
1071171833
1069439751
1068773736
1068317713
1068163071
1068109405
1066240777
1063936653
1063158456
1062085068
1060177568
1058745126
1057356531
1051439191
1050936072
1050190063
1047159657
1046850664
1046547793
1045278852
1042804445
1040582448
1037304638
1037164803
1034984372
1032080078
1029170348
1027831025
1026806597
1022119126
1021851406
1021615033
1020904897
1016405122
1015637978
1015081129
1014338077
1010002316
1009675528
1009378149
1008553597
1008501935
1007780291
1006343240
1006021237
1004731683
1004581007
1004031698
1003803933
1002227808
1001475476
999771768
998727501
998401435
994663363
994525669
993429886
992511070
991891155
990625446
987535017
987491786
985449393
983946704
983653226
982406418
982357768
980492103
980449358
979349126
976975659
974405512
971356658
968101296
967566582
967468275
967023780
965719938
965101066
963390382
960988368
960847492
960768226
960734587
960277009
959920729
958122012
956012309
955114593
954879631
952246766
951148556
949896694
943928831
943352799
940299854
940010910
938407065
937521118
935750631
934574923
933648614
932649300
931730316
931699130
929925227
929753373
927844859
926516633
925218401
924509365
923857268
920641184
919656120
918392151
918104670
917175791
915742671
914513731
913986796
913923995
909725534
909302114
908418227
907952804
907469553
907173068
906914124
905427824
901871304
901147796
900651393
899924897
898866260
894687348
894345626
893700476
887515292
887436627
885272164
884955010
884763971
882058433
881945292
880048580
878074787
874599033
874002809
871727039
870292931
869841738
869794976
869104171
867232134
865570903
864491521
864319402
864180090
862907993
862114158
860776074
860196458
859672383
856965301
855983217
855287578
854732242
854478152
854009868
853477612
853468380
851952374
850621611
850484774
850432659
849045017
847484088
844118296
843760302
838269237
833285342
830492777
830489946
830317444
830083545
829752371
829286400
828439615
827201406
824465422
823289422
823250054
818192178
817142406
816238077
815674585
815635668
808986353
806701468
806004783
805951889
804255772
804088648
803951657
798750169
797467007
797166627
796516731
795097557
793567408
793089889
792118444
791379170
790869480
790844710
790482043
788233285
786694994
786111911
785402814
781603293
780224984
779150557
779122626
777343778
777342638
775716554
774218275
774217321
772887328
772675233
771193894
770711423
765488664
764738736
764692092
764246775
763049971
761612443
761247111
759869768
759287199
759160223
758982736
757475136
757034438
755625731
755529508
752078746
751575434
749357284
745043401
744992520
744040411
742581363
742271576
739212043
739177917
738488938
738288682
737486901
736906292
736444952
736234221
736003272
735998927
735451057
735074604
735053017
734288118
732469608
730914789
730754572
730622243
729105926
725847950
725324278
724978617
724139237
723419718
722885910
721707822
718560295
717051002
715018209
713927075
712870140
711925391
708673428
707910469
706855729
705287034
703852793
703773006
701644116
699852670
698135126
697172060
696848406
695563463
690758522
689581172
687912522
687243450
687133017
685584019
685054715
685049327
683822697
683644747
675011358
672332597
671530961
671395179
670575377
668596249
668218818
668111019
667910020
667588573
667551750
665120760
665026177
663516753
662212728
661513201
658060048
658036285
657351000
657277883
656229147
656066863
655331581
654977155
653841834
651334760
650954190
650360632
649521730
648147013
647637719
647496344
644948921
642213001
638199439
637655070
633862269
632523328
631985952
630738292
628597302
625190638
624377171
624272494
622675950
620723059
616614804
616480761
616456635
615783302
615735599
614831746
614737937
613943790
611949764
611723093
610238682
610032085
608868541
608794665
608405370
607833854
607096207
606671876
604742790
604324499
604279698
603776495
601432785
597945044
597793168
596054571
592277431
589703655
589341213
588342334
588255397
587401425
585899235
584400269
583464881
581177359
580478804
577951740
577461466
577388024
575671269
575531741
572354976
571596662
571454213
571284764
570853107
566354207
565495554
564391791
563876123
563290284
561574525
560530440
558664058
556565922
553288577
552309317
552172054
551807892
551633479
548804956
548746188
547264150
546960653
546333183
545286274
544871420
544230077
544080585
543991810
541784156
540794400
540053401
539423411
538560315
538085582
537720477
537314187
535412749
534426699
533198672
533044976
532901497
532857478
530549628
530514959
530068886
526416025
525807732
519771745
515272472
515103283
511682684
510856642
509964968
506344643
505821867
503377545
502061106
500577414
498595714
497743458
491678611
491201410
489789805
488236046
488035457
484636878
483581582
482995046
479482207
479164773
479092677
478384812
476399127
475710568
475517157
475254985
470533133
468275012
465342091
464910012
464558463
464467934
460970520
458727731
458603431
456527118
455301963
454523451
454372823
454101424
453764350
453666312
453339968
452838017
452088723
450464139
447612162
445845159
445476409
442119818
440805696
436317477
433745812
432432008
432049772
431535434
429978785
428150167
427307019
426376575
421452866
420988796
418034851
416361633
415087039
414961207
414182870
413842468
411988515
411601035
410828105
410476612
410315510
406736034
406391828
405782873
405691580
404921150
404700092
403798844
403547630
402118206
401744580
401494735
398239550
396330669
396195374
395862500
389533343
388571388
388511007
388336794
386942467
381657207
381292791
380583461
380054051
376628951
374401633
370024563
367823541
362984869
361823241
361742514
358929375
358295871
357896519
357184770
355730284
354854588
354428312
353847253
353580771
353470572
351817309
349540841
349499299
349470324
349342350
348848454
346291087
344062809
342899247
342615285
340756525
339392131
338781065
338279155
337047429
336353104
333711281
333653120
332953750
330134934
329463485
329162007
327681694
327281726
325654553
323833802
323755026
322505852
320107916
319846671
318742255
317667527
314579940
314316573
314266954
313930741
312572226
312214722
311189953
310903596
307230570
304390976
301322251
299674002
296470377
294375235
294373714
294232825
293263807
291496290
291199306
290975156
287407763
283506426
281941268
281651588
279522771
279329945
275195068
274960973
274177762
273815952
273731951
273294804
270056807
267926196
266958561
266047217
265789519
263654162
261609309
260721877
260383481
260334494
258817068
256470324
255073332
253791124
251200452
250499909
248622499
247247661
246672212
246386529
245230374
245105099
244815012
244145765
243804578
242261421
240253436
238880274
238290536
237248787
233984646
233847514
231231268
229720279
229483838
226965533
220447179
220384380
220340308
219692084
218080311
213426042
212009091
211197442
211093653
210886679
209864091
209326358
208930463
208429892
208252257
205528584
202465313
200928684
199274392
197827956
193711962
191725245
190965676
190623433
188830487
188158061
186666617
184399927
180568534
180401664
179404473
178584132
176904118
176430624
176274080
175135256
173816309
173196342
172926694
172287511
171098671
168530941
168019550
167773053
166954816
164338527
162906625
162376789
161882146
158804751
156619236
156479397
156055213
155742589
153763869
153147093
152988559
151599692
150495594
147864638
146521930
146224078
145053658
144306119
142821767
142402574
141768488
141566182
140201644
139484538
138517276
136503640
132286497
132179258
127856447
127744060
127721959
124461238
116878189
116292284
112836928
107078789
105387549
104739793
104603316
103535329
100704817
92148458
88215700
83830892
82319752
81890112
81331395
79155951
78275630
76137188
75883077
71844486
71843663
71002375
70924502
70461018
70366525
68816844
64924380
64737321
64169365
63876746
63537043
60594690
60188232
59991319
58524013
57686411
55780883
54993066
54365951
53217912
52958150
52605432
52366329
52132670
51887353
49396955
48840126
48499983
47805739
47748170
47544682
45417713
42756300
42349045
41573920
41079594
40896006
40501435
39178048
38688015
38162582
38071243
37459555
33722348
32412008
31924511
31828491
31190596
30480932
30167967
28911172
28170571
26686690
26339194
25352848
25260529
24475542
24002398
22040197
21868697
19877237
19263822
16764073
16606605
15072228
11532871
10345174
8817582
7634367
6641587
6005431
4141540
4069544
3118972
