1000
2426343
6509795
7286260
8229405
9800517
10007111
23303057
24154701
26202083
27262495
27883555
31501167
35819359
35931380
37204595
37758508
38809865
41806366
42851118
43450320
44138047
44282750
50234984
50833864
53407772
54685487
58673277
59851229
60893364
61307992
62644997
62761024
65882700
66737881
71559508
72732484
73689888
75474704
80254246
80799715
82295570
83831146
93003313
93304287
93552620
93766536
95390714
107367302
108035448
108298069
108951841
109937079
112141856
129198422
132056392
132847146
137698543
138241832
144131618
145469883
145864957
151979679
156661357
157670653
157991416
159065923
159318648
168823236
169966592
170451773
172799756
187112789
187378095
188890916
191798771
192445478
196002447
197232572
197972515
206603541
212641295
212900613
214906448
219556574
223221262
224157231
225414514
226797463
227970700
229948273
230563110
231193380
236268149
236836650
238896205
239855085
240787946
242169059
243240494
246544320
247353187
248502529
248945124
250469100
251757952
252206121
252414038
252706002
254184296
256925525
261233874
264025307
266370007
269849874
273320708
278956959
280081196
280420058
284401031
288496730
290227391
293344552
296105899
298856042
302908708
315561910
319586547
319976385
323420896
326753093
326973790
334742318
344779550
345367389
346726450
347890533
354255567
355982778
359732547
365466571
382898991
382963754
383374095
386424712
390212329
390566717
395240929
395960654
399941294
399954293
406083981
407688406
408155381
408298309
411613619
416183744
416914685
425033796
428231078
429930041
431031698
435376825
437185213
437348814
438233922
438994903
440572527
440635424
441370114
444651599
447673740
448555146
454209115
455452155
458147868
459044148
461293884
463027147
466768670
466851058
475299993
479024675
480336544
480417369
481182968
481558685
481784318
485740716
486290343
489704976
491979189
492212450
508377279
509647662
513331776
516181903
522167775
522474837
522623109
524171247
525563588
525672144
526310146
528391879
537453772
539843863
542623726
543547955
545051024
545515710
546845337
548061485
553740766
555347745
556925350
561528855
564220747
567262670
568091274
569965217
574949505
575176412
578788325
580083479
580913862
586242399
588875273
590161540
590510527
590819374
590874108
592858710
594113675
596665557
599346492
601363728
605344394
607759022
611813940
612579285
615031945
617945731
621997470
625418747
626475064
629023309
634494576
641587211
642812433
644079606
645537841
646560724
649183804
650915258
654358619
656178258
659085546
659110595
660369642
662494837
664124752
668265790
672099100
675322125
675688155
676461991
682231751
682241270
699172177
701196791
703834264
706729310
707663760
709464785
711049617
711896399
715292824
715967483
716237147
717799950
718188806
728084932
734242335
734871347
737807027
740594665
741612868
742092499
743229978
743481236
743851038
746422914
747239111
753058762
754394670
765207713
768320114
769043281
771037244
771484527
773297340
773574179
773621952
773877085
774187263
774930529
774999297
777408447
778747077
781173421
781797407
782169119
788679987
790324095
790494604
793216789
798467215
802990622
805879372
806693068
822748175
823139419
824912754
826707457
830130987
830246058
830355230
832349512
834129524
842495231
846154702
848967955
850452853
853917106
854205626
855144972
859248101
860414463
861949285
874016162
874248523
874371728
877968351
881639285
882459917
883882370
885593147
891127188
891973271
892800969
897691062
898338402
900568492
900908206
909119104
921016956
931831437
932214863
932784977
934312150
934465527
939658751
940965667
941904087
942141568
942772434
948994896
953982345
956428440
956534959
956556034
956687373
956688854
957181329
959343797
961040444
964235628
967078240
975834367
983848029
985010457
989531462
989850629
994361755
996160491
996926015
999515064
1000711190
1003157085
1004389896
1007974196
1009933449
1012801986
1014415897
1016651148
1020486013
1022311140
1027021418
1028791007
1032676836
1033568585
1034907400
1035357717
1036734528
1037690400
1037977565
1041434617
1041673025
1041839230
1043512261
1046360682
1046531963
1047819198
1050585911
1062943001
1064243389
1066403579
1068729510
1068837680
1072062669
1073043305
1073107253
1076794794
1080759396
1080891753
1084898252
1086988231
1087138364
1090983548
1095543178
1096995342
1099891464
1103686447
1107445452
1109907872
1110785797
1111043049
1114981834
1117405046
1117816290
1118329309
1128072682
1129595489
1131763107
1135428988
1137433828
1138888780
1139856489
1145784541
1148507628
1149657006
1151492688
1153946798
1154333674
1157655672
1167887496
1177838748
1179782836
1182683964
1182738412
1186001194
1193451360
1202009951
1204706588
1206688347
1209327277
1212972798
1221882020
1225447589
1226230381
1227530770
1234413114
1250261750
1252518621
1252574431
1254944644
1255381588
1255416667
1256884617
1266670231
1270268028
1270813446
1276025092
1276273920
1282471614
1283299601
1285531744
1287933925
1297171343
1297632356
1298634128
1298962865
1299118183
1307393774
1310350749
1313260127
1316301824
1317117909
1317364519
1324273780
1325322733
1325736189
1326815582
1329385901
1346432363
1349620967
1352277218
1353658119
1355194787
1357052392
1359801669
1360011547
1360609879
1361087930
1363328219
1364089970
1367234287
1367642106
1377241398
1380485636
1381037618
1383986825
1385485453
1391715753
1394134411
1398209658
1408899945
1413121521
1414985180
1415921224
1425635578
1427699083
1430779214
1432684774
1432987680
1440831399
1448049292
1455405373
1456108836
1458117121
1458694613
1459801674
1463564565
1466997387
1468312524
1469862049
1470631818
1470777310
1471037285
1474392897
1475110581
1478708430
1480698032
1480878791
1481779897
1482384571
1483365910
1487081017
1487719266
1488970114
1491495654
1491715020
1492600388
1493988732
1494422938
1496073102
1497321002
1498731287
1507007849
1507192789
1507976829
1513332782
1515778029
1517233745
1518219716
1522968761
1526328539
1533521387
1536328510
1536890735
1539946588
1542059406
1542807776
1553193115
1553198710
1557113300
1559265168
1564002363
1569436652
1571826444
1572840301
1596699147
1600722550
1601503217
1601529449
1605934168
1609458129
1615034845
1619470841
1619591134
1620894957
1621255273
1629230433
1632602132
1638884472
1641699291
1649123536
1652694643
1653094943
1657434522
1664699721
1665314451
1671308020
1671409161
1673677054
1674142671
1675048538
1675164681
1676266213
1676348210
1677532603
1678535442
1679526495
1684640966
1690169254
1693339327
1694733734
1694953772
1698735701
1702769345
1708087480
1708500412
1712959994
1716402296
1719514710
1720195546
1722992137
1723245230
1724598240
1725130585
1727720387
1728454150
1728971428
1730259299
1732107330
1735358357
1736466997
1737402849
1741919933
1749015989
1750514382
1750643771
1751118481
1751348464
1752482949
1754534478
1756719305
1760807785
1761691653
1762616107
1765736275
1769810068
1772685603
1776597802
1778789489
1781601608
1784528923
1785817733
1788349086
1792292987
1797352377
1815763100
1825449666
1829949675
1833904869
1836863043
1846535990
1850100748
1850351508
1854381348
1857597060
1858188209
1863265417
1865982875
1866015161
1866656385
1869987807
1870731603
1873021054
1876018403
1884334461
1885405223
1887541691
1888344437
1893220306
1894424281
1895478179
1895594839
1898868172
1902692674
1903353312
1908255840
1908309967
1909736406
1917760785
1918399730
1919123478
1919632880
1921141707
1931865576
1932233418
1934506216
1938005802
1938519930
1940088610
1940740414
1942581231
1945029725
1952136600
1953927458
1955328592
1961752465
1961761295
1962953809
1968223159
1976325289
1977384879
1981042813
1986972462
1987610159
1988170319
1988279772
1988480046
1991918575
1995899043
2000004034
2000828110
2003404053
2004072493
2004654016
2004915430
2008475429
2009565310
2010628628
2013444592
2013912360
2014119426
2019198819
2023022330
2026837618
2028521905
2033396516
2035067023
2035250154
2037328889
2038340991
2041146166
2044469809
2045110860
2049558498
2050584530
2052979551
2055647537
2056258096
2063091265
2064682515
2067331770
2068177744
2070886876
2078559642
2078883489
2081326022
2082109796
2082182399
2082849993
2086620164
2087239848
2087689866
2092827411
2093330067
2095444814
2097009404
2103745080
2106144221
2113204466
2116249470
2123576702
2124178094
2124592330
2125122407
2125543113
2125586448
2126219954
2128554441
2134373707
2137350642
2139552527
2139676460
2141368926
2143175299
1259868498
694076117
664793916
1491061879
1900764464
708931963
114615475
1707208275
1425169111
1124548924
987423710
748317281
18499893
322324633
2003698869
338086441
1707810087
883236640
1614360361
842798053
1015293032
1455047033
20637138
1537916141
461510183
1484201704
1455115009
1445358213
824437322
1896485123
348460476
2084305821
443077592
1013254392
1427884052
196358409
1722186356
1542499527
1903566684
999871819
519564803
743506746
1748189100
538064697
1065831380
1604404321
876151138
626157819
340157313
343027851
1468955872
1355450345
1798074884
1489593011
745882839
112101420
826311067
53514200
1557459633
1650748389
1949999323
1905920109
1587570562
245593268
771690853
867970966
441951677
346393561
262986845
198034713
1346265380
782551649
941541459
946970832
1320616346
2007372839
403891506
49283836
486047010
744048819
392311687
1955002883
2099499165
42902924
1297112246
697898356
155004344
2123423313
751412556
1712463977
1626688054
553928231
1470900438
1066774969
799521499
95107643
1934745935
1241473176
441501205
50249133
1439507889
1787766585
832800782
233565701
587253770
5933480
93454892
991145276
55217316
579501903
1735194095
447529003
387021138
1687209612
490431927
1684133384
237624320
645436271
1660073049
989036876
210416600
1139277455
1542965108
1681317038
58568776
195002959
1776424682
1993314712
1436476136
70442239
2043563845
728500377
1858208824
728880979
962066078
297978946
734814459
1055520971
1289124222
790031775
1635022874
876834670
1237560778
2022044012
416560634
1727992706
1558693748
654184955
225945329
1071283149
1643221831
436361930
63076956
1038703291
2117678968
121645733
1233706251
1746620002
2114960445
522698739
1817062241
2011040642
1251199116
1527787418
592437973
65781547
1825766364
1327252432
1121302518
967406939
2117284207
608841744
1844241609
1207361337
483402108
113318595
787870395
2042095856
767503550
1013815725
965895357
263241734
1450177655
1028972313
1301945025
1420372975
1150618046
388167628
1019509330
1118094843
910866367
689087923
981651837
14581836
69391693
1574089810
80363383
1895158058
753858594
1201665901