1000
4292196310
4283939642
4281543755
4279304060
4279201764
4275223712
4273036518
4268758117
4266890586
4260681086
4257596944
4252088791
4246213976
4241156247
4240916018
4238747614
4233242746
4231813965
4217650361
4211265544
4193667573
4190433160
4187748067
4182042949
4175847321
4171591340
4158353043
4153796408
4153593332
4148706325
4144649104
4141968115
4140434974
4130818621
4116660359
4109391781
4102372220
4092695697
4084135931
4084105838
4083884056
4069856656
4068610260
4065291190
4059360673
4059053986
4042904524
4036452550
4031655567
4030389348
4026489282
4020916808
4020620640
4000984837
3998617585
3988141274
3986815087
3985360182
3983899998
3983644794
3957254465
3956655085
3949349345
3945541018
3939307412
3935234348
3932483757
3928211433
3926596881
3926171603
3921370938
3918853593
3914161925
3912276279
3905658832
3905147193
3890835309
3889981889
3883006617
3881040717
3876419572
3874669905
3872572317
3869937783
3866968472
3860769142
3854036212
3853190083
3851747379
3846815885
3844574066
3838617525
3837885951
3837630383
3833414544
3830386427
3830191949
3820593268
3818213203
3798844003
3797139313
3793310744
3781313083
3775853235
3758334786
3750886963
3747545663
3727606921
3726420964
3724856413
3712314796
3705863507
3703693807
3702690589
3694091930
3675666999
3672741721
3669936275
3667643565
3659289578
3659038067
3656260745
3651564745
3636119453
3634276930
3629490660
3620354252
3618943386
3618483977
3608590357
3598805692
3585198745
3570486872
3569379078
3537593172
3519557195
3507483105
3505243116
3491173428
3490356253
3486081599
3481679137
3479712512
3476345930
3475697514
3475497309
3473611276
3469346590
3458790570
3452943616
3451662309
3419007897
3413048598
3406411041
3404439393
3398868633
3395754861
3388216668
3375739817
3375611493
3362674878
3335882680
3330253361
3322654482
3320945289
3320687348
3316793451
3316412037
3315136009
3303697891
3278350245
3274942729
3266811674
3259166946
3258737540
3250518838
3250359482
3242421463
3240558583
3229392571
3225516785
3223206745
3218910472
3217153361
3206216436
3195262950
3193292088
3168886729
3164674714
3157032095
3152362583
3138490844
3135064465
3133040339
3118894269
3113704605
3111534572
3096483361
3091203260
3086231595
3082776332
3081055638
3079740188
3072764439
3071574432
3057329486
3047920288
3043607449
3038108520
3036026982
3034544915
3032818936
3021901446
3012844900
3011718698
3005282469
3004327302
2991581038
2986793250
2985578715
2972508828
2967207054
2962071802
2959301745
2956949487
2955893048
2945486909
2945370586
2935091399
2932366758
2930019993
2927639812
2920071807
2919976905
2914188838
2913413954
2898605685
2896324867
2894431802
2880333196
2872812226
2859188873
2855859056
2849584873
2843867375
2837171318
2837028737
2834119080
2828162942
2816193295
2801848344
2794849003
2778395526
2777801620
2770937875
2766493117
2762634894
2761019073
2750419981
2749593936
2746074433
2744243559
2741347551
2736300339
2735815044
2728153530
2726242696
2721121061
2701152096
2687844144
2686161299
2681029332
2680335210
2673275131
2669637426
2652467633
2640395296
2638440030
2637797602
2636544410
2633867080
2627715177
2626631323
2626501130
2619409354
2616041648
2610705836
2609059928
2606632060
2588870096
2586220318
2582584381
2536366736
2531455148
2527520497
2503528990
2500389955
2499560164
2492619322
2489997179
2485075613
2478525858
2473326125
2466025446
2464537443
2458576687
2450879869
2450539827
2427658262
2421717734
2406233428
2399259702
2377396186
2362057549
2358765736
2352889442
2341740329
2329603232
2320670539
2319906039
2304879401
2304876902
2301249909
2298006068
2290805920
2282303493
2281982623
2280443196
2279619587
2279438588
2266494404
2259417973
2252749067
2246947418
2229620139
2212210138
2208922822
2207429857
2205862463
2203337851
2198686659
2191088081
2189502996
2185812944
2173511180
2172600415
2168436270
2163804422
2163093557
2157996708
2155850955
2149923700
2133910623
2128546466
2121642778
2110285842
2110273507
2099773840
2098884524
2091372357
2091313707
2089649517
2087829093
2087679828
2085711268
2076423861
2067398303
2063181540
2043979809
2036632537
2021245351
2008960236
2007291781
2006668387
2005263394
2002396818
2002196505
2001164084
2000028111
1990505283
1975063960
1959382094
1953452486
1950362738
1946677320
1940687903
1933470622
1933034886
1931043617
1901249414
1900086027
1898171771
1890277209
1887489387
1884854215
1883527509
1881150488
1878152260
1878029530
1868926154
1865623596
1862336335
1860419174
1851262789
1850134790
1846958397
1845371035
1844480405
1840974992
1832844935
1832841307
1830847827
1823523021
1819639462
1813302775
1809150399
1805964169
1804224800
1787866755
1780501907
1745749397
1739121593
1735666304
1730022385
1729802797
1728251386
1717885261
1713923067
1713393123
1708006775
1704295928
1700056522
1699191786
1691118100
1688481511
1687788177
1687344235
1686789757
1685049690
1684443816
1677019552
1674182048
1672025255
1659763369
1659071003
1656898734
1640731556
1639287986
1638789404
1635503868
1635261119
1627534492
1621694723
1602678491
1597806975
1596555685
1590295293
1580231883
1579653815
1579530212
1576942529
1573112034
1567836072
1561799817
1557351217
1551212860
1548073239
1530422257
1529069848
1525777674
1512560733
1510520891
1507854474
1506791323
1501206413
1497238283
1492966592
1492672732
1489568294
1469214251
1467360146
1449262773
1432921457
1416207057
1415250312
1412833946
1406259264
1404367220
1398309131
1386614622
1386110909
1384995676
1366300501
1354247534
1348047343
1347228883
1346911091
1345118989
1341740848
1339396054
1328899851
1304800076
1301890860
1297438210
1297169446
1287664439
1287170533
1281313372
1274567741
1273884591
1269173839
1268426998
1257349614
1256507242
1249790806
1244471566
1238945287
1238945287
1238945287
1238945287
1238945287
1238945287
1238945287
1238945287
1238945287
1238945287
1238945287
1238945287
1238945287
1238945287
1238945287
1238945287
1238945287
1238945287
1238945287
1238945287
1238945287
1238945287
1238945287
1238945287
1238945287
1238945287
1238945287
1238945287
1238945287
1238945287
1238945287
1238945287
1238945287
1238945287
1238945287
1238945287
1238945287
1238945287
1238945287
1238945287
1238945287
1238945287
1238945287
1238945287
1238945287
1238945287
1238945287
1238945287
1238945287
1238945287
1238945287
1238945287
1238945287
1238945287
1238945287
1238945287
1238945287
1238945287
1238945287
1238945287
1238945287
1238945287
1238945287
1238945287
1238945287
1238945287
1238945287
1238945287
1238945287
1238945287
1238945287
1238945287
1238945287
1238945287
1238945287
1238945287
1238945287
1238945287
1238945287
1238945287
1238945287
1238945287
1238945287
1238945287
1238945287
1238945287
1238945287
1238945287
1238945287
1238945287
1238945287
1238945287
1238945287
1238945287
1238945287
1238945287
1238945287
1238945287
1238945287
1238945287
1238945287
1238945287
1238945287
1238945287
1238945287
1238945287
1238945287
1238945287
1238945287
1238945287
1238945287
1238945287
1238945287
1238945287
1238945287
1238945287
1238945287
1238945287
1238945287
1238945287
1238945287
1238945287
1238945287
1238945287
1238945287
1238945287
1238945287
1238945287
1238945287
1238945287
1238945287
1238945287
1238945287
1238945287
1238945287
1238945287
1238945287
1238945287
1238945287
1238945287
1238945287
1238945287
1238945287
1238945287
1238945287
1238945287
1238945287
1238945287
1238945287
1238945287
1238945287
1238945287
1238945287
1238945287
1238945287
1238945287
1238945287
1238945287
1238945287
1238945287
1238945287
1238945287
1238945287
1238945287
1238945287
1238945287
1238945287
1238945287
1238945287
1238945287
1238945287
1238945287
1238945287
1238945287
1238945287
1238945287
1238945287
1238945287
1238945287
1238945287
1238945287
1238945287
1238945287
1238945287
1238945287
1238945287
1238945287
1238945287
1238945287
1238945287
1238945287
1238945287
1238945287
1238945287
1238945287
1238945287
1238945287
1238945287
1238945287
1238945287
1238945287
1238945287
1238945287
1238945287
1238945287
1238945287
1238945287
1238945287
1238945287
1238945287
1238945287
1238945287
1238945287
1238945287
1238945287
1238945287
1238945287
1238945287
1238945287
1238945287
1238945287
1238945287
1238945287
1238945287
1238945287
1238945287
1238945287
1238945287
1238945287
1238945287
1238945287
1238945287
1238945287
1238945287
1238945287
1238945287
1238945287
1238945287
1238945287
1238945287
1238945287
1238945287
1238945287
1238945287
1238945287
1238945287
1238945287
1238945287
1238945287
1238945287
1238945287
1238945287
1238945287
1238945287
1238945287
1238945287
1238945287
1238945287
1238945287
1238945287
1238945287
1238945287
1238945287
1238945287
1238945287
1238945287
1238945287
1238945287
1238945287
1238945287
1238945287
1238945287
1238945287
1238945287
1238945287
1238945287
1238945287
1238945287
1238945287
1238945287
1238945287
1238945287
1238945287
1238945287
1238945287
1238945287
1238945287
1238945287
1238945287
1238945287
1238945287
1238945287
1238945287
1238945287
1238945287
1238945287
1238945287
1238945287
1238945287
1238945287
1238232856
1235281486
1234690572
1219145223
1207443376
1200515876
1184595876
1180042892
1177841498
1173729104
1163100366
1153190328
1149280288
1143202566
1141665891
1125629977
1121430643
1120096171
1111451462
1097841866
1075575763
1075563209
1069982442
1069976986
1069562838
1058622005
1054029163
1051695558
1043208920
1041462043
1038657031
1037203414
1023840317
1013999678
1005387274
977896150
977186481
960038026
954878211
947381912
941204321
941146183
931099172
923785379
912826412
912676294
911239207
908924576
892856880
879358871
873964506
866606129
857603440
848612802
847628691
846479767
824573749
808110781
789940233
785547193
781396018
777677804
771970226
762954664
762245509
759854233
738905200
735908242
734410645
733147557
726941547
718797129
717103584
714616478
714485091
705614305
705595181
703344879
695381308
692918274
691686593
691473920
682811758
676405575
673099521
661673391
660826689
660050006
659634286
653979061
651506093
646897510
635464077
631568725
622182039
622017112
612689489
599071521
596773695
582634139
570532145
570222074
559273424
553936737
546294602
535564957
527555813
512491340
510633944
495359927
491528453
480575276
477878919
455015846
451645028
443007152
436453369
432953643
428644666
418219950
410253270
407991723
404228199
404063427
403944573
400443250
398103044
393661931
388634541
380608256
372291946
354685386
350933448
345748406
345370617
327094224
317577446
315580508
312927372
295159820
287416816
283408219
277456502
267242845
260143027
250336501
248697997
244434525
243067204
242608404
231238317
225059684
219192634
211829712
200602084
192666463
191646277
190648652
180844657
175400044
175288069
161501610
156432400
156010629
142208233
140615352
119770765
97517404
83176559
77032345
76732019
76003596
71839712
56470702
39682173
35028268
27091494
24567200
18955146
14723334
14277895
13743242
9223508
8198071
