5000
842825
1061235
1138581
1425569
2631993
3574847
3642810
3966331
5236627
5267951
7578533
8165731
8808257
8890399
8986574
9058814
10128839
12652303
12847341
13279371
13610513
13799054
14328182
14419984
15469670
15999609
17116892
17343942
17685316
19006037
20947343
21115533
22034450
23032815
23142056
24315784
24984422
25323401
25693226
26927462
29463923
29505028
30159206
30251651
30492965
31402237
32192675
33412121
33649691
33752380
33855666
34263863
37707323
38039908
39569113
39893773
39937106
40359547
41341692
42736518
43635240
43898626
46398194
46765780
48610674
49911429
50876044
51330921
51544596
51565588
53079976
53678435
55097245
55891900
56254859
57507873
57784560
59133073
59328669
59709746
60408986
60590351
62311368
62563624
62946462
63834480
63903104
64555682
64856799
64914125
65241551
66127443
66332121
66938203
68260220
68691319
69356648
70297977
71223044
71885738
74030942
74854223
77580659
77774903
78877433
79827928
79902615
80411281
80938850
82615930
84461928
85071104
88337418
88387881
88835682
90063045
91379576
93142117
94453981
94651488
94735275
96409935
96830438
97310786
97525446
97943682
98432254
98974111
100197970
100498340
102799379
103035535
103828483
104378044
107771668
107915290
108485278
109244229
109469524
109912252
110557491
113358118
114271623
114532315
114607344
117717112
118173421
118288054
120871047
120928955
121215586
122601392
123692331
123980757
124606926
125618757
126104483
127105488
129417762
129504736
130052357
133635532
133738210
134213471
134745023
136307576
136856677
138084023
139238370
141346815
142291054
142845438
143151935
143973261
144210150
145233577
146683492
147774093
148552692
149015183
150040413
150777640
150980092
151332335
153003334
153325447
153547748
156911719
158571835
159182903
159449528
159629074
161805775
163313868
165960677
169677997
169796325
170267730
170875489
171483290
171775598
172617680
172980578
173263352
173619790
174767585
178013470
178068870
179078448
182770434
184734396
185041868
187859111
188568349
188791633
189932038
190635468
190976528
191585999
194104608
196151648
196518800
196542729
199560455
202096121
203357728
204187201
205455922
205644076
205666903
206015733
206338287
206564038
206594996
206693137
209762111
209990181
210602302
212154244
215959520
216844340
218036017
218220936
219019440
220150681
220636754
220659753
220893116
221062317
221484223
221802346
222966667
223636105
224150733
224811974
225479283
225925966
226360259
230159535
230322126
230458197
231491796
231978161
232004491
233302646
234660985
236156211
236568730
236829390
237560490
238091151
241154134
241479922
242440276
242764394
243596840
243812635
244146456
245649866
247017534
248758906
249008810
249255208
249839970
252157135
253195078
254764837
254921667
255840658
257102984
257635622
258460682
258720878
259305563
259553007
259874211
260105443
260261366
260808871
262230637
262384245
263577112
263654526
265035592
267322600
267488442
267636404
267992680
269388352
269778369
270392702
271062736
271679778
272308876
272343276
273329912
275589008
277508387
277684282
278256615
278736372
278765524
278857649
279633200
280897789
280955540
281602988
282704091
283333200
283539594
284388569
287718285
287981087
288101302
288346137
288903160
289000243
290515667
290796160
291091771
291667670
291874279
292127118
292412969
294924548
298335713
299654489
300221667
302202923
302210170
302384383
303174762
303994748
304337858
307131534
307353548
307879159
308130850
308376252
308388566
311074884
311586601
313205489
313552998
313940373
314077967
314766117
315841589
316043340
316803144
317070667
318863704
321410655
321740798
322728836
322929034
325454155
325697300
325793533
326354335
326954987
330409003
330418734
330786857
330893037
333110019
334557628
335577570
338053373
338657132
339094958
340969012
342298276
342985855
345963879
346353404
347806557
348307445
349260537
349504771
350488813
351495993
352579779
353764102
353960384
354216573
357595046
358832442
359852654
362336641
362720862
362765034
365486031
365812168
365978888
365998027
368417702
368567780
368803732
369502495
372084482
372320469
373272915
374428617
374905276
375371434
376677834
379132272
379262474
379436620
380154441
380181174
380364877
380878907
381040870
381325882
383443183
384952155
386169783
387760748
388398922
388614445
391662336
392294584
392579966
394690477
396167690
396626656
397027143
397531461
398205727
398389546
398748865
398780425
402595114
403415863
403733828
403753144
404334857
404462223
404591116
404788339
404883026
405187279
407285428
407799784
407980759
408540566
409334744
409678026
412031118
414357579
415394376
415423771
416228408
417261970
418050909
419160118
420187931
420463141
420710138
424353835
424453604
425649913
426172962
426567388
427126345
428217229
429212979
431108004
431281615
432082837
432448170
434924613
435142097
435178275
435299029
435442244
436439160
437493825
439717483
440182385
440941957
442210204
442326133
444132865
446434303
450182790
450577141
450883832
451276307
451404887
456385493
456560592
457958113
458215128
458434478
458980784
459458479
460207995
462042177
463810729
465309925
465607073
466217271
466388411
468204247
469760905
471625261
472434130
472526692
472576052
473016017
473292919
475124621
475741097
475907418
476616655
476887985
477989560
478145039
479040856
479591635
479662456
484846118
486290956
486800157
487291057
487327258
488611320
494183413
495706112
496910124
497336269
498447828
499464512
499727095
500253063
501160690
501285409
502688318
503602060
504034226
505129268
505302376
505538032
505769345
506221732
506707318
507477215
507693411
507740992
509615835
509918415
510053006
510080526
510138719
510290555
511823285
512009180
512474471
513680376
514250940
514885928
515157617
515550931
516416021
517335129
518139320
520231240
520423941
520673102
520858154
522525457
523152685
523278302
523716094
525230967
525875916
526566499
526737573
527163710
527528798
528196490
528250271
529170873
529499393
529954296
530336339
530776769
530889680
531301371
531909418
532327852
533014435
533836250
535158777
535535370
535639759
536602663
537408709
539661422
539999647
540080638
543018096
543193475
544419423
547237481
548484461
548538706
548681499
548952066
549737054
549964655
552071892
552737452
553456309
554314175
555262750
555283269
555981620
556749881
558276494
558539738
560960600
561910581
561967318
563705892
564148934
566575707
566836049
567099010
567479493
567869736
568955980
569870358
570228908
573421916
575672450
575711356
575929464
577028983
577426775
577841633
578345995
578462487
580336574
580365524
581594813
582373737
583604201
584724780
585039446
585057196
586164349
586604737
586747696
587139716
588120012
588588163
588923510
589195557
589253716
589575082
592177107
592529851
593260494
593672273
593833584
595271908
595755936
597017301
597877818
597983645
598934470
599011104
599535411
599887895
600019147
600253510
601085459
601224144
601855673
602643067
603541816
604820187
604978287
605178012
605957525
606025788
606236442
606634721
606712030
610495840
611961549
612256378
612913552
613470938
613544050
613759469
614705241
615441364
615510703
616306885
618798687
619612406
619720996
620478856
621152136
622744577
623165336
627042018
628182724
628185882
628775484
629247419
630271676
630922109
630988853
631411761
632697646
632828409
633514138
635105884
635292841
635461440
636640893
636974743
637464527
638015573
638103822
638755611
639250085
641252587
641452652
645079797
645379501
645655339
647417388
647468884
647588418
652094364
652417954
654740092
656267044
657265332
659058369
659924434
660024488
661193031
662955820
665311846
666870340
667002647
667706173
668032442
670532443
670720586
671033319
671612628
671835553
672791241
672907383
673228202
673738901
674781715
675362561
675394161
675456199
677087413
677851789
677917564
678523809
680565705
681018013
681124092
681596935
683206562
683473697
684303362
685155434
685724782
685854472
686265009
686334629
686739024
687007168
688782321
689905672
693395798
693885257
694280256
694652643
695391675
695623753
695978791
696099066
697323334
697491806
697546940
697738607
699512708
700371439
700641093
700897863
701504243
702462284
702992923
704381096
705738109
705777086
706594767
706992172
708287954
709943269
709969399
710063252
710979864
711162227
711307707
711483618
711842910
712550795
714853477
714905358
715332176
716065315
717509392
717988292
719041224
720131959
720282915
720328548
720521717
720574352
721238763
723064196
723217551
723434732
724574397
725238037
727667408
727959073
728285008
728416398
728527119
729135218
729635542
731542254
731763481
732268119
732921406
734494716
737813921
738397658
738544437
738670010
738921059
742276167
742956220
743283720
744904035
745837989
747116033
747403733
748099968
748137495
748400692
749337384
750083766
753076223
753850397
754166750
755376426
755397501
757434741
757607800
758745191
759895595
760478795
764883461
766075104
766618189
768354507
768934795
773338784
774247361
776798510
777489797
781212483
783148394
783180353
783255597
783867845
784301495
784346520
784590180
785088778
785275771
786639906
786756500
787350305
787809356
790045406
790090460
790976234
791742048
792223695
793476103
794378364
797482253
797729139
799339213
800096381
801279457
802843542
802932497
803530247
805215160
805272898
805300318
805364408
805799436
806952960
807713599
808271100
808784611
809633914
809824974
810056018
810496935
810699032
810986703
811221853
813291362
814014478
814160701
814758677
814914505
815433992
816364381
816848797
817687273
818441313
818836095
821346909
821379584
822169732
822776303
823788937
823823463
824298604
824615179
825549047
825852427
826160100
826500514
826528064
826876331
828209068
828473267
828933344
829145608
829240052
829971680
830279721
831410387
831970320
832943217
835472906
836736505
837072365
837758682
839073752
839841841
839853651
840440180
841664696
842395524
842491334
842555563
842617517
843086033
844117393
844633021
844859130
845417780
846185448
847779022
849291883
850882374
850948490
851102804
851378457
851854064
852250445
852462964
853706348
853957070
855467480
855846995
858288291
859098332
859343537
862754961
863342452
863782530
864080338
864292019
864516998
864633526
865299553
866272514
866635457
868198013
869615676
869815388
869964531
870663458
870717474
871966782
872095275
872670666
872692739
873280771
876075235
877161813
878076133
878627427
878638418
879396321
879723637
880357327
881259431
883320507
883505913
884961768
886428042
886644581
887091219
887610154
889115107
889192377
890643319
891288274
891778355
891830724
891852607
892574054
894065727
895339986
897116196
897420095
898327514
898621880
898830035
899101720
900616735
901710136
902331985
902578371
902874362
905370390
906413372
907191145
909930643
910164716
912766897
913954021
914122650
914186889
917926176
918406592
918781883
918856859
919232276
919998023
920253513
921713882
921987346
922143821
924049754
924057639
924345896
925967280
926167582
926662368
926720986
927602859
928321030
929946717
930488052
931003665
932778448
933146105
933590839
935118522
937090722
937754900
937814860
937853143
938293379
940467569
941600611
943612087
944041380
944183937
944737698
945246465
946418610
947588867
948502249
949356326
949395839
949431061
950003810
951506228
952369772
953749556
954869504
955783007
955984977
956314873
956325402
958200684
958348115
959255908
959295823
959591262
960136960
960588981
961406604
961990861
962442639
962941630
963177493
963292821
963529807
966966144
967230006
967667072
968254192
968408044
969361219
969674116
970833596
971080625
972174076
972533730
972916729
974158295
976875730
977107054
981106567
981707624
982460945
982634211
983695218
985116607
986406605
986711134
986819731
988746723
990104201
990487432
991298569
992126377
994430164
996771364
996975494
997752464
999028971
999130716
999466455
999558111
999775168
999934007
1002024450
1002811527
1003540623
1004420788
1005044408
1005479862
1007855605
1008045719
1008104869
1009142781
1009724230
1010840674
1010975749
1011253014
1011386309
1011581679
1013232892
1015807910
1015880206
1015991614
1016483962
1016668988
1021244752
1021863747
1023094543
1023956494
1024251794
1025094445
1026241811
1026482828
1028038768
1028164523
1028368691
1028636300
1030272726
1031470561
1031946166
1033256053
1033288145
1033294753
1034714255
1034731414
1035820793
1037144676
1037492050
1037930591
1038418858
1039314887
1039874493
1039895874
1040420606
1040922139
1042467457
1042886794
1044853320
1045293315
1045624294
1046568529
1046747791
1049554337
1050541524
1051624474
1052509521
1052676351
1053119817
1054772468
1055310860
1056718304
1058725440
1059970985
1060154183
1060903597
1061220572
1061635954
1063058777
1063224294
1063438496
1065365875
1066660924
1067485342
1067925596
1068177106
1068459028
1068748666
1069779823
1070238788
1070312789
1074880761
1075943548
1076382582
1077149770
1077188514
1078038229
1080782112
1081524130
1083581577
1083848542
1084376677
1084518649
1085918636
1086372571
1087438522
1087673177
1088744371
1089325777
1089620927
1090551696
1092108835
1093077950
1093371987
1093563272
1095574746
1095664117
1098108693
1100669219
1101055313
1101936052
1102428309
1102880455
1103136129
1104292060
1104356429
1105342429
1105350160
1105701402
1105785110
1106431531
1106745779
1106912398
1107741853
1109038311
1109343793
1109716914
1109756134
1111038331
1112404573
1112517773
1113803912
1115549572
1116840634
1118752090
1118822348
1119158494
1120356698
1123056029
1123343963
1124782321
1125555621
1125913556
1126170299
1126902204
1129272307
1129462716
1130337853
1131985996
1132304069
1133216097
1133354616
1133830071
1135736377
1136669246
1138265776
1138514317
1139252125
1139587818
1140104191
1142882846
1143013666
1143017024
1143394440
1143725724
1144778826
1147149812
1148410394
1148870205
1149694651
1149965372
1149979275
1150276827
1150650538
1151123066
1152248954
1154010681
1154908404
1154988734
1156107063
1156164700
1157414309
1157775444
1165281109
1165920516
1166291624
1166556817
1167192532
1168158981
1169667207
1170169204
1170602653
1170638792
1171321211
1171640413
1172260637
1172399346
1173157490
1173617250
1173932850
1173943127
1176742175
1177340479
1181639880
1181678996
1181685561
1182073532
1183927022
1185422259
1185915413
1187747321
1191717279
1191877875
1194199448
1195118001
1195950409
1196127431
1198117695
1199101847
1200162947
1200486728
1202495917
1202970518
1203733859
1203768408
1203896449
1204379961
1204449976
1204798904
1205457225
1206999149
1209063963
1210226394
1210984027
1216117277
1217973989
1218715955
1218807113
1219966996
1220807577
1222081542
1222230330
1222295536
1223519387
1223658568
1224105408
1224548146
1225020252
1227140995
1227348734
1227774055
1228120758
1228719154
1228731990
1228942132
1229153818
1229673419
1229720852
1230032260
1231004453
1231752183
1232896040
1232981195
1233425557
1233504790
1235082574
1235267407
1235270469
1235293764
1235547104
1236626023
1237881759
1237949822
1238659237
1241271789
1242911259
1243206040
1244095284
1244491161
1244769717
1245277594
1248819312
1249545237
1250336617
1250407588
1251977843
1252428902
1252758522
1253887431
1254161393
1255089584
1258207180
1258518467
1258995543
1259469240
1262830751
1264237502
1264480352
1267428680
1268652817
1268759268
1269945718
1271294553
1272223385
1273513430
1274294905
1275571278
1275988047
1276766956
1276987174
1278952213
1279751594
1279969165
1280022247
1280048306
1280422047
1280666889
1281380782
1282208733
1283550562
1283774053
1285604052
1286097921
1286709732
1287361020
1287372234
1288142423
1289025949
1289768137
1289962796
1291665329
1292998432
1293072648
1293579058
1294856867
1297328146
1297489220
1298454533
1299160375
1300450652
1300679878
1301017220
1301088546
1302059972
1303177478
1304256206
1305438293
1305489866
1306052122
1306258180
1308474080
1309253546
1309428901
1312377991
1312876237
1313145229
1313226577
1313371624
1313678117
1313870286
1314592881
1315085409
1319401528
1320005426
1320099011
1320285648
1322628843
1322745580
1323109863
1323291254
1324635786
1326260045
1327271434
1329172358
1330006034
1330215779
1330701714
1330931645
1331029206
1331842842
1332771761
1333160685
1333361233
1334893010
1335156058
1336319137
1336891759
1337111033
1337889329
1338403285
1338745076
1339448165
1339645516
1343501676
1343612689
1343751787
1345045977
1346602168
1346722976
1346826974
1346931991
1349426129
1349919423
1350928444
1352170033
1353678274
1354280236
1356852390
1357677936
1359734131
1360964209
1361372950
1361649667
1361798078
1362462354
1362693921
1362823668
1363040586
1364329018
1364772334
1364979075
1365683332
1365837190
1366601833
1366862805
1367006452
1368252100
1368592096
1368901560
1371550737
1372258132
1372762543
1372911318
1373701474
1374208080
1375092331
1375302252
1377676794
1378270698
1378368413
1379429597
1379588653
1379738038
1379764150
1380418080
1381298896
1382173874
1382877159
1383789379
1385356688
1387488748
1388121694
1388710000
1390754072
1392743764
1393833320
1393882022
1394040531
1394536638
1395753290
1395943679
1396147090
1396682598
1397709416
1397947454
1399279461
1399999511
1400698106
1401599242
1401785014
1403230503
1404217756
1404705264
1404941946
1405046796
1408590712
1409133014
1410941955
1411525288
1411558548
1411647503
1413958142
1414104298
1415204173
1416968516
1417146734
1418735185
1418900520
1420136450
1421393530
1421559526
1422926936
1423162296
1423958700
1424858882
1424874627
1426989680
1430074127
1431096962
1431333564
1432031492
1433827298
1434046471
1434398090
1435727663
1438791604
1439438005
1439918305
1440898404
1442228913
1443912761
1444098283
1446603358
1447766401
1448801937
1450429696
1450646804
1452468160
1453522671
1454141736
1454221755
1455942323
1456420905
1456759555
1456982545
1457857179
1458044133
1458295472
1458515877
1459420439
1459796092
1460029493
1462076314
1462551858
1462647354
1462788554
1463392673
1464378238
1464381829
1464714920
1465056351
1465641210
1465993547
1466613984
1469068819
1469277553
1470379017
1470736468
1471007067
1471360583
1473042844
1474365261
1474617345
1474816977
1475171397
1477861263
1478296906
1478297107
1479303313
1479886460
1480625880
1480993872
1482054543
1482323871
1484241593
1487173795
1488206235
1488694423
1489046473
1489524102
1491320257
1491606320
1492376106
1493626024
1495800394
1496787757
1497115518
1497321670
1497738018
1497895969
1497944786
1499681554
1500206215
1503024407
1503432342
1503556847
1503702597
1503927604
1504786598
1504793173
1505161685
1505544316
1505639865
1506103834
1506436517
1507794550
1508311465
1508593538
1512358466
1512667595
1513546198
1513695273
1513855253
1514720332
1516598488
1516766633
1516818077
1518245519
1518570186
1520303813
1521325541
1521948136
1522095107
1522307779
1522355207
1522739484
1522833757
1524422448
1525766751
1526147724
1527252514
1527276866
1527400266
1529114563
1529613793
1531471563
1531912124
1531956062
1532031564
1532714858
1532912658
1533563160
1534203762
1534819086
1536271124
1536534183
1537140585
1538296520
1538504463
1538912175
1539104086
1540464998
1542106502
1542851632
1545647366
1545656874
1545836228
1546673815
1547792888
1547818958
1548094120
1549992114
1551167673
1553110780
1553528422
1553984208
1555194808
1555722346
1556774040
1556980137
1558144415
1560294140
1560774537
1562178543
1562716033
1564698583
1565021894
1566399595
1566678817
1568211351
1568861884
1569321230
1572972510
1573025718
1574000374
1574297633
1574466157
1574720030
1575028203
1575162877
1575256857
1576723710
1577322605
1578646380
1579993334
1580934713
1581081958
1581116489
1581262450
1583597327
1583734132
1584943756
1586518833
1586623672
1587215315
1589089861
1590271432
1591695999
1592001217
1592122400
1593475264
1593641620
1594598146
1595354745
1595417973
1595927339
1596610367
1597332903
1601186404
1601437540
1603669964
1603859729
1604329055
1606590307
1608364142
1611435428
1612690189
1613235432
1614117230
1614382739
1614842533
1616345779
1618147819
1619354899
1620685036
1621765587
1622583308
1623331515
1624691100
1626128599
1626256240
1626914610
1628112465
1628242889
1629465941
1632702501
1633415437
1633443053
1633778856
1634172110
1634716107
1635202919
1635816233
1636536582
1637537205
1638511757
1638521420
1638832276
1640289679
1641122256
1641376150
1641726531
1642020994
1645866705
1648306807
1649288719
1649372253
1649876545
1650668462
1651023043
1652402523
1652687383
1653194971
1653737273
1655478685
1655569825
1656181484
1658442664
1658718049
1659883861
1660495633
1660656495
1660707313
1662353666
1662382105
1664201533
1666095826
1667786390
1668254061
1669018255
1669153778
1669581582
1669823268
1670191108
1670306794
1671296490
1671688567
1671870400
1672200072
1672411165
1672569969
1672880587
1673364351
1673663359
1673725903
1675938944
1677448986
1677574348
1678082800
1678434706
1679193029
1679730731
1680585721
1681026968
1681047520
1681092776
1681309410
1682015974
1682099454
1682215807
1682732707
1683156358
1685503686
1686977591
1687086422
1687152820
1690673577
1690986491
1691515141
1693330774
1695061569
1695614268
1696891532
1697213775
1697477145
1697683114
1698349645
1699582660
1699590550
1700540828
1700850396
1701321256
1701330966
1702160338
1702416949
1702637271
1704367048
1704429814
1704701526
1705383460
1705796907
1706025545
1708019062
1708109224
1712312462
1713177867
1714405744
1715890860
1716429825
1717059502
1718949114
1719710586
1720390226
1721398636
1721460784
1721771071
1722712636
1722715773
1724214440
1725708488
1726206791
1726306802
1727130907
1728374423
1728592101
1729883107
1730000616
1730267745
1730462443
1730463435
1730463759
1731082610
1731655975
1734908111
1734972010
1736452846
1736566763
1737057394
1737826427
1738324041
1739057041
1739166248
1740097158
1741398959
1742510066
1743666807
1744505792
1745073482
1745233985
1746158824
1746242034
1748319087
1749200705
1750564923
1750643122
1751233454
1751462894
1752646663
1753847567
1754706339
1754832462
1755421916
1756538177
1756765969
1758767965
1759135672
1760540326
1760842095
1762018397
1763175456
1763198857
1763206550
1765320210
1766250579
1766417022
1767851211
1768136622
1768843227
1769509555
1769996697
1770289286
1771305008
1773897497
1774850737
1775768395
1777162055
1777562697
1777614312
1778279468
1778560537
1778694494
1778921854
1779927851
1782029777
1785554854
1785598494
1786749770
1787352017
1789486506
1791897417
1792844032
1793328485
1794784114
1795406072
1796957056
1797278739
1797330860
1797621166
1797621484
1798664993
1801308988
1802911491
1805523169
1806987585
1807298511
1807709953
1807988789
1808990426
1809489174
1811234032
1811489750
1812888682
1814285039
1814805780
1815292353
1817562632
1818714426
1819438927
1819568174
1819821948
1820067365
1820395445
1822754606
1824955166
1825080869
1826842948
1827023859
1827069329
1827116396
1828236669
1829483524
1830890511
1832447169
1832830591
1833368227
1834914241
1835982823
1836619050
1836776094
1839508385
1840281970
1840398747
1840399336
1841758715
1842893413
1842936412
1843572535
1843672699
1843963666
1846938595
1847913403
1848729769
1850358662
1852945246
1853121362
1854132977
1855602879
1856136042
1856466982
1856470741
1856956922
1857173817
1858904009
1859239533
1859412641
1859700676
1861313470
1863343498
1863627853
1865250225
1865985639
1867215063
1867443935
1867496368
1867551444
1867643147
1867747463
1868387775
1868855693
1869512843
1869594986
1870181482
1870265455
1871532745
1872463418
1872647365
1873638140
1874059245
1874158783
1876329216
1877708590
1877752864
1877757659
1878651867
1880732910
1881292373
1881376911
1881664329
1885834643
1886138188
1886145736
1887483278
1887614636
1890703841
1890779926
1893221011
1895560249
1896366601
1896782145
1897611454
1897870232
1899400689
1900640563
1901086375
1902965792
1903103894
1903254871
1903716856
1905598831
1906484839
1908909420
1909162167
1910185500
1911156610
1912395396
1912805079
1913344032
1913668258
1913765907
1914006150
1914592858
1916875946
1917583873
1917690413
1917973142
1918015435
1918160578
1918219840
1920042119
1922418485
1922726730
1923435303
1923602261
1923667591
1923889234
1924474866
1924809699
1924866419
1927531445
1927651199
1928914553
1930005963
1934482835
1934859432
1935940798
1937737757
1937819692
1937947381
1937978816
1938418724
1938555178
1938906962
1940501559
1941235339
1942051822
1943242997
1944482553
1946378153
1946401121
1949403240
1949493164
1949767668
1949827973
1950554842
1952024648
1952029280
1954555805
1955557450
1957534163
1958487393
1958982210
1959486408
1959774801
1960714401
1961875312
1962523395
1962629535
1964513946
1964535526
1966600530
1966718210
1968428900
1968447529
1968539276
1968810967
1968870713
1970093641
1971647366
1971721904
1971823175
1973921454
1974554138
1975389643
1975634531
1976694257
1977037469
1978834976
1978940231
1980011944
1980324028
1981248372
1982725551
1982798985
1982811813
1983255804
1984736729
1985594082
1985665923
1986057304
1987761298
1989407562
1989496382
1990015014
1990022905
1990378858
1990873894
1991062060
1991700654
1994415051
1994925491
1995088429
1995641863
1997187466
1998157275
1998584075
1998959744
2000954316
2003178469
2006502195
2007284162
2007402486
2007592883
2008200118
2009596713
2009996518
2010221021
2011226757
2011570631
2011816791
2012402432
2012923744
2013174493
2014679337
2014897493
2015902613
2016431754
2016867921
2018125405
2020278126
2020575510
2021109679
2021173494
2022546528
2022895300
2024025522
2025244249
2025301391
2026355164
2026538795
2029084952
2029807007
2031353399
2031638708
2031710990
2034082548
2034598931
2035177486
2035450307
2036151502
2037382915
2037817927
2038041340
2039765815
2040391705
2041219368
2048098887
2048227417
2051907392
2054067620
2056224005
2057223967
2057448408
2058855541
2059821200
2060021692
2060630460
2061191236
2061389092
2062746097
2063246705
2063891446
2064277759
2064948925
2065177661
2066795346
2066836924
2066846192
2067375013
2067628470
2068535485
2070187614
2074618322
2074658792
2075203679
2075391152
2075541789
2076500719
2076574575
2077810483
2078579170
2079513659
2081767278
2082203452
2082337501
2082367538
2082524089
2082757164
2085167254
2085962316
2086840701
2086917048
2087757551
2087771984
2088650048
2089117338
2090012768
2090489033
2090704720
2090818438
2093355697
2094215021
2095749921
2096390181
2098337204
2099493317
2101025921
2101566021
2105942126
2106796682
2109937534
2110263132
2111442306
2113486980
2113597553
2114485064
2114797787
2116333571
2117708234
2118570550
2121633498
2125270613
2126452359
2127433431
2129810525
2130128813
2131066555
2131247033
2131332650
2131522907
2132328123
2132592684
2132806519
2132806892
2133310028
2134796964
2136260980
2136479495
2136971397
2137464146
2137575050
2138137540
2139311010
2139502949
2141270601
2143186083
2144898021
2144968786
2145521186
2148955382
2149019540
2152609356
2153354473
2154237619
2155887750
2155905483
2156916408
2158257609
2160877168
2161243609
2162101781
2163485497
2164154577
2164191230
2164602365
2164847183
2164997240
2165258200
2167181381
2167522898
2171787461
2174246662
2175279481
2176714636
2176725758
2179032568
2179503652
2179976742
2183374063
2184796559
2184950629
2185194638
2185483861
2185860941
2186128960
2186220322
2186601860
2188400203
2189745358
2191753919
2192479209
2192744333
2194412076
2194845537
2195006167
2195771754
2195950532
2197425374
2197792490
2198415666
2198788524
2199821302
2200820882
2201069108
2201179703
2201904871
2202452104
2203663793
2204422184
2204885486
2206031314
2208763385
2208772696
2209138633
2209219261
2209530323
2210050669
2211386109
2212767621
2215076790
2215444067
2216519747
2216786549
2216933346
2218186615
2219291381
2219542998
2221515704
2221727217
2221942841
2225099210
2225164998
2226523670
2228103538
2228564016
2228608682
2232627217
2234189506
2234449278
2236033643
2236188363
2236416786
2237273319
2237874826
2237959129
2238216597
2238565254
2238647435
2241191427
2242692687
2243739532
2244240303
2244692271
2244792991
2245368540
2248175056
2249164602
2249382536
2250490288
2253477006
2254086937
2255289086
2256174966
2256768943
2256985031
2258076159
2258468713
2259419092
2259468034
2259871780
2260196870
2260278798
2262152177
2262476995
2263414143
2264154062
2264241180
2265173757
2265182826
2265412610
2266864051
2269012529
2269919192
2270272649
2271707046
2272436068
2273155584
2273268189
2274422616
2276238325
2276541040
2277827760
2278853363
2280641759
2281724247
2281968097
2283692116
2284267755
2284631083
2286983043
2288703637
2291056114
2291666873
2291746137
2291769697
2292088368
2292886769
2293301140
2293358906
2294322009
2295903895
2297217199
2298604719
2299047641
2303101098
2304048342
2304166857
2304987609
2305556290
2305776442
2307196127
2309709901
2309845359
2310700529
2311051860
2312212468
2312456108
2314249528
2314767934
2314938328
2315452099
2315549427
2316928509
2317097031
2317256270
2318807219
2319763294
2319965860
2320430237
2320668810
2321613161
2321969652
2322648899
2324920652
2326407407
2326787984
2326963359
2327881122
2329079210
2330279160
2331782854
2332743045
2332980286
2333292537
2333518884
2334932002
2335211252
2335891077
2336482000
2337114544
2339051298
2340070341
2340671692
2340688408
2341702653
2342653140
2343288301
2344098519
2344970623
2345023863
2345378723
2345560029
2345723924
2347139989
2347752730
2347822876
2348929348
2349265470
2349471027
2349534824
2352322920
2352483168
2352662592
2353190330
2357006384
2357466953
2357792056
2358520280
2358603810
2360355590
2360442238
2360715935
2360912882
2361015499
2361320518
2361710694
2361858298
2362273133
2362404198
2362598636
2364794675
2365053123
2365614155
2366456006
2366484125
2367084680
2368579334
2369725215
2369888645
2371176266
2372653256
2373963262
2374611208
2374652098
2375514425
2376011694
2376020232
2378429660
2378925568
2381826394
2382101147
2382245499
2382577104
2382839225
2384225729
2384714412
2385381308
2387515174
2388216945
2388351950
2389318308
2389497206
2389866252
2391219332
2392045111
2392996601
2393039458
2393118296
2393554037
2394196584
2394655537
2394700933
2395435064
2396407975
2397152339
2397596393
2398628281
2400281069
2401367950
2401561434
2401901238
2402684797
2402880879
2402981708
2403192156
2403265561
2403858231
2404328248
2404742841
2405753164
2406707509
2408151916
2408670753
2410277712
2410631309
2410724765
2410740235
2411439511
2411894786
2412113443
2412568548
2413362205
2413650650
2413716358
2414027833
2415286641
2415826004
2417257670
2417624324
2417642168
2419008193
2419147316
2419281663
2420995350
2421572076
2421978476
2422442517
2422516220
2426161329
2427709750
2428539135
2430659010
2430673660
2430771470
2430821019
2430945137
2431760519
2432166878
2433930762
2434357108
2434922817
2435036181
2435361422
2438134662
2438224350
2438429813
2439608609
2439719883
2440196888
2441668394
2442501378
2442971306
2443141142
2444295437
2445715384
2447812754
2448549865
2448829001
2448994778
2453944344
2454046558
2455283218
2455367473
2456607539
2457237044
2458012306
2458447205
2458987012
2459585952
2462038034
2462652080
2462819108
2463120672
2463397347
2465995933
2467733606
2468462821
2468712294
2468834695
2470001811
2470147098
2472361379
2472509797
2473889807
2473998973
2474590229
2475372575
2477246828
2477469510
2477522838
2477576504
2478173706
2478998650
2479233885
2479785669
2480199213
2480208517
2480419420
2482228853
2483579879
2484212468
2486153710
2488379517
2488778750
2489586460
2490393244
2492877244
2493495324
2493554894
2493882790
2494074641
2495798963
2497125554
2497782594
2498369337
2498662663
2500053828
2500148286
2501145592
2501731747
2503535224
2503671677
2504059674
2504408403
2505397705
2506973810
2507576475
2507912531
2509270121
2509277668
2511317944
2512367288
2513031071
2514179629
2515379350
2516976966
2517529476
2519023916
2519307490
2520200765
2520972996
2521858091
2522729154
2523697094
2523929026
2526132993
2526237776
2526647238
2527079421
2527134808
2527138281
2527402258
2527767372
2527770053
2528955373
2529534041
2531004162
2531437687
2531715651
2534014149
2534095135
2535423076
2535539046
2536139456
2537044002
2537530954
2538952254
2539466498
2539539449
2540538331
2542460929
2542627791
2544320723
2544622685
2545531976
2545596257
2545799870
2545879725
2547821817
2551077527
2551202423
2551710033
2552040137
2552178476
2552673400
2554316943
2555247714
2555603221
2555623407
2555962520
2558516381
2560287322
2560356963
2560649423
2561265624
2561747531
2561750899
2563447459
2564409444
2565673400
2565747957
2566172888
2568605965
2571796568
2572283973
2572675461
2573757350
2574284706
2577814761
2578161126
2578592912
2578922214
2579200332
2579755283
2580510119
2580950930
2581006344
2581397415
2581851357
2582348540
2582727461
2582996588
2582998328
2583555109
2586495028
2588817049
2589354204
2589823725
2590141926
2591058066
2592680688
2593886202
2594598599
2594949033
2595291495
2596296594
2596478426
2597515007
2598924985
2598938485
2599326732
2599386830
2599656760
2599731027
2600659467
2602312739
2602385875
2602787707
2603017115
2604558851
2604864752
2606980571
2610190574
2610645237
2612919646
2613744908
2614403193
2614429146
2616725826
2618278891
2620033904
2620109537
2621153762
2621372260
2623161142
2623381356
2624202208
2625074243
2625084541
2625675179
2626556816
2626603801
2627541163
2627972026
2628162002
2630894008
2631799366
2632073070
2632131094
2632371146
2633729423
2634467795
2634838892
2636186098
2641232982
2643909370
2644860621
2644928415
2646226477
2646887572
2646892150
2650799069
2651183922
2652049527
2654428264
2654803105
2654880103
2654984606
2655344093
2658685582
2658807573
2659114638
2659547816
2659726756
2660698438
2660799622
2661341741
2662334238
2664503322
2664584904
2664861672
2665054971
2666361376
2667274222
2667284605
2667937478
2669904150
2670080437
2670701350
2672583086
2673694175
2673914831
2675291739
2677406211
2677577197
2679006685
2679629891
2679800500
2680253024
2680514977
2680535047
2680558472
2680680334
2681214000
2681948194
2682547897
2682762560
2683166011
2683179982
2684467492
2685686579
2685852262
2687286426
2687387295
2688226662
2689868912
2691599831
2692260259
2694885585
2695127363
2695245249
2695349467
2696462467
2696917193
2696927952
2697918271
2698464341
2700453151
2701226851
2701320529
2702227176
2702495674
2702846878
2704809965
2705009367
2705152665
2705376939
2705788213
2705897248
2706052153
2706354795
2707675408
2707867017
2708200055
2708376682
2709104306
2709534826
2709813953
2710969980
2711103738
2711260005
2711383556
2711662137
2712868659
2713988991
2714750454
2714943927
2715295316
2715788399
2715882302
2716423711
2717622519
2717682728
2718558460
2718622537
2719378162
2721026142
2721371130
2721861133
2725118207
2725187337
2725586485
2727399981
2728644073
2729671655
2732105454
2733166939
2733499363
2733664379
2733950257
2734527349
2735407156
2735961792
2736056114
2736968857
2737244166
2737824637
2740103329
2741430285
2741505685
2741685384
2742373256
2742426066
2742688128
2744039377
2744499274
2744905701
2745147053
2745372662
2745459264
2747460631
2747503529
2747567258
2748503295
2750475679
2750721580
2750816585
2750989009
2751467458
2753559316
2754763020
2756458421
2756471303
2758076787
2758248953
2758949315
2760429975
2761010554
2761504690
2762354686
2762942982
2765575510
2765865415
2766574413
2768594349
2768937485
2770979507
2771319155
2771374154
2773780454
2775020297
2778951712
2779628767
2779793806
2779848133
2781032595
2781377657
2781872108
2783247852
2783547666
2784675989
2785154312
2785728726
2786681243
2787065017
2787168121
2788360545
2788871567
2790178910
2790359261
2790581976
2791496791
2793037266
2793338701
2793804227
2794449069
2794676158
2797430016
2797833699
2797859466
2798699451
2799052259
2800294833
2800469820
2800822200
2801880423
2802367387
2802650640
2803332665
2804117757
2804390176
2804545758
2804650789
2804957114
2805886971
2806803018
2807257554
2807906159
2808047078
2808060950
2809131695
2809254051
2809739683
2812001769
2813250578
2813367637
2814598250
2816362355
2818205931
2819454435
2819751706
2820108015
2820290634
2820803183
2821005742
2822838354
2823054729
2823480516
2824062118
2827306967
2829082435
2829148406
2830867474
2831289199
2831320042
2831748016
2831942934
2833141846
2834266080
2834855144
2836978077
2837313055
2838132727
2838679496
2839661264
2840288778
2841175380
2841692093
2841807352
2845085714
2845119318
2845690835
2848275659
2849054183
2849339169
2849588922
2849688566
2850575245
2850872031
2853273631
2853292224
2853597609
2855732035
2855828234
2856430409
2857149514
2857968477
2858031879
2858640568
2858848876
2859147264
2859532295
2860238644
2861319213
2862253423
2862817873
2865049548
2865873275
2867168540
2867232286
2867647790
2868066614
2868186409
2868375426
2870061618
2871149260
2872190605
2872784971
2873707493
2874426922
2875261136
2876099915
2876245712
2879057287
2879465671
2879550017
2880271093
2880715426
2881198958
2881748217
2882340693
2882909416
2882949775
2887122214
2887549314
2889788093
2889881196
2892856444
2893688899
2893997521
2895246488
2895623909
2896204998
2896405153
2896831116
2897988656
2898144853
2899369353
2900509267
2903113407
2903627078
2904156346
2905811047
2905842958
2906639196
2907011127
2907752553
2908118475
2910381500
2911748598
2916097889
2922578354
2923347286
2923949486
2924284138
2924470332
2924830189
2926315809
2927244783
2927831778
2928346517
2928424375
2929024544
2929215971
2930105306
2930187752
2930832289
2933101537
2935067570
2935848385
2936151823
2936743912
2937241046
2937840362
2937944889
2940506726
2942653892
2942841377
2944070828
2944548479
2946749198
2946939292
2947096205
2947195832
2947447775
2947965514
2948819976
2949205766
2951337575
2953831889
2954108035
2955368364
2955611077
2956114129
2956197057
2956222133
2956256276
2956665210
2957680790
2957840146
2959096435
2959459030
2961567443
2962842152
2962859815
2965856351
2966298271
2967012464
2968021975
2968174743
2969261581
2970112811
2970299819
2971304702
2972345518
2972445122
2972659647
2974323272
2975648956
2977072192
2978478030
2979658289
2979953264
2980041810
2980331466
2980745395
2982851375
2983867397
2984708769
2985119831
2986221953
2987470480
2987894867
2988522631
2988595163
2990308762
2991904918
2995422005
2996147150
2996357067
2997133334
2997175353
2997977719
2998584921
2998853035
2999686722
3000673122
3000834330
3001782557
3003817265
3005565280
3006179571
3006200057
3006593266
3006707523
3007363739
3007956557
3008469066
3008518360
3008520848
3008687329
3009087993
3010062494
3013969722
3015689999
3015781079
3016159390
3016792698
3018708608
3018800449
3020557807
3021288490
3022195437
3022380510
3023997107
3024157713
3026027116
3026798402
3027103506
3029042764
3029314264
3032017650
3032171367
3034123060
3034185023
3035823520
3035842268
3036062295
3036405977
3038239233
3039225010
3039436536
3039706069
3039724033
3042622090
3044394487
3044988098
3045260485
3045617451
3045765689
3046974606
3048150859
3048305553
3048346858
3048712400
3048979800
3049974795
3050376844
3056262050
3056923152
3057607159
3060406616
3064069091
3065316869
3065560886
3066783910
3066840701
3066858342
3067631665
3067720367
3068455452
3069823216
3070347896
3070657825
3071620509
3072195517
3073449984
3074248135
3075220376
3075294665
3076686971
3076866501
3077334730
3078178272
3081016719
3081068072
3082081889
3083093047
3085680124
3086122400
3086390647
3087575893
3090435476
3091061207
3091091939
3091825523
3092090587
3092794315
3093758776
3093902967
3094314670
3096894925
3097944504
3098233474
3098353706
3098906720
3099450700
3100100806
3100136325
3101055148
3101667295
3102985096
3106793481
3106949742
3107379874
3107959939
3109972158
3111213540
3112598708
3113474406
3113845589
3114220024
3114806252
3115259337
3120926603
3125093430
3125165439
3125944065
3126788640
3126923010
3128080322
3128644934
3128939676
3129715995
3130134606
3130425995
3131386079
3132901729
3134199640
3134705017
3138205707
3139715144
3139769127
3139933763
3142365146
3144084874
3144108809
3144755183
3145111414
3145138379
3148062153
3148071363
3149610670
3155810684
3159558509
3160251098
3160425855
3161445286
3161875314
3168141402
3169076942
3169887370
3170254827
3172585267
3173892629
3174443767
3174901777
3175134031
3175806015
3176075132
3176112858
3176419082
3176727453
3177044847
3178769725
3179805188
3180705320
3180843126
3181222322
3182395268
3182429584
3182971422
3184044138
3185543638
3186312396
3186934966
3187042500
3187502555
3188789843
3189480211
3191752902
3191969587
3192693870
3192759009
3192927723
3192971867
3193481928
3193957716
3194679036
3194692648
3196069186
3196827018
3198409537
3201766300
3202364305
3205200906
3207719086
3208504858
3208562757
3209193289
3209415404
3212243194
3212451088
3212776857
3214254805
3215651379
3216231120
3217938787
3218014027
3218806816
3219502159
3220815995
3220911639
3222517737
3223385266
3223388314
3223481995
3223704785
3223763120
3223873214
3224278489
3225193479
3226257362
3227913210
3228569687
3229102594
3229224498
3230983178
3231007028
3231230409
3231471642
3231560725
3232450102
3235084509
3235510089
3236512181
3238184369
3239543840
3239570438
3241674961
3241954844
3244359374
3247949699
3248197165
3250450275
3250694009
3250742563
3251625012
3251915560
3253611325
3254182961
3254405589
3255101586
3255419434
3256141792
3256188512
3256441986
3257697025
3259423546
3259885605
3261071879
3261119798
3261422197
3261816122
3263105238
3264162273
3264669587
3265080880
3265512147
3265901694
3265968392
3266648884
3267863217
3268408607
3268474246
3268476887
3270994548
3271364317
3271595131
3275618602
3276146075
3276947227
3276966112
3277292056
3277399869
3277632764
3278284460
3278621724
3280076538
3281072352
3281944938
3284029514
3284556481
3285523778
3287094386
3287388228
3288524035
3289679916
3289682170
3289983407
3290601454
3290765744
3292095513
3292619678
3293950653
3294009462
3294634914
3294669020
3295429049
3295713717
3295865133
3296300464
3296570020
3296913367
3297333352
3298093357
3299047263
3300137791
3302535873
3302993742
3303268110
3305949604
3305993993
3306341615
3307035196
3307050704
3308510136
3313521037
3313714007
3314321726
3314556343
3315540994
3317454979
3320446718
3321098674
3321661825
3321925396
3323273788
3323408431
3323459076
3323887081
3324263536
3324268082
3324593002
3325394085
3327300593
3328418816
3329641963
3331442650
3331764586
3332270884
3332858617
3332976444
3334132479
3334856181
3335439088
3338065670
3340310771
3343151372
3345329599
3346083239
3346185531
3346882449
3347044371
3347912757
3348342354
3350152319
3350929554
3351479263
3353035568
3353599051
3353632520
3355297817
3355654672
3356841875
3356892161
3357783035
3358584267
3363062290
3364061232
3364658223
3366184997
3367044084
3367483614
3369708017
3369812814
3370582014
3370996848
3371626613
3371639232
3373033193
3373311158
3373336541
3374756111
3375293243
3375334245
3377695992
3379109600
3380121042
3380479922
3380530830
3381139939
3381174030
3381675206
3383012400
3383250097
3383523242
3383768363
3384908656
3388057302
3389585596
3390047158
3392334499
3394109992
3395418560
3395488627
3395740248
3396816070
3397137132
3398643629
3398904352
3399932704
3400629477
3400822212
3402070398
3402674541
3403374981
3403549050
3404800523
3405529677
3406496509
3408153588
3408156449
3408583704
3415877275
3418965449
3419476280
3420090125
3420270871
3422492255
3423369079
3424495660
3424539506
3424744195
3425612218
3426899613
3426938222
3428573832
3432576405
3433084027
3434680331
3434756636
3435025887
3437239236
3437277617
3437567889
3438991564
3441096703
3442170721
3442625786
3443226564
3444669318
3444723265
3445950709
3445970786
3446028807
3446309675
3446927251
3448156366
3448961686
3449001308
3450079634
3451118290
3451417509
3451604995
3453677437
3454278678
3455192053
3455366315
3455507625
3456731538
3457452071
3459268091
3460599981
3461178512
3461829832
3462199840
3462721865
3462923962
3463254250
3463589351
3464464672
3466839684
3468926443
3469070696
3469166571
3469550953
3469899041
3470321727
3470496537
3471557704
3476791072
3476964141
3477304570
3477346675
3477359272
3477664475
3478713786
3480029447
3480691207
3481386725
3482830571
3484636467
3485022672
3487326394
3488667806
3489798452
3491381798
3492387158
3493464458
3493631985
3495304124
3495458202
3495955322
3496306480
3496564445
3498366089
3498550488
3499937976
3500061013
3500987740
3502265879
3502676198
3504453939
3509961421
3510246399
3510489320
3513557381
3513567113
3513982589
3515088198
3515295686
3517837403
3518259614
3518289126
3518723700
3519263659
3519278583
3519369326
3519781125
3519879068
3520538723
3521467162
3522692571
3523143317
3524447564
3526960075
3529425904
3529748539
3531608232
3531764304
3531782824
3532222723
3534829071
3537096653
3537188838
3539673663
3543359932
3544947728
3545023295
3545092119
3545847490
3546088757
3546299858
3547166849
3547447509
3547463095
3547584688
3549407743
3550962108
3551447570
3551787785
3551891885
3552363223
3552760379
3552959663
3553359127
3553563453
3553877188
3553881257
3554674419
3557769613
3557847864
3558861219
3560598573
3563519639
3564048601
3565007492
3565087007
3566161933
3566914589
3567833384
3567920882
3568239353
3569952556
3570180525
3572141754
3573628855
3573790058
3575250191
3575536534
3577466843
3579943933
3580007104
3580445291
3580529174
3582143995
3582163042
3582234712
3582681882
3584615277
3585061593
3589978908
3591962623
3592304789
3592532581
3592860354
3594905807
3594950460
3595515291
3595655146
3595752002
3596535820
3596726095
3597546417
3598032562
3598203642
3599259749
3599751188
3600379981
3604324116
3604564477
3604729235
3605904271
3606263790
3606417564
3606508123
3606981439
3607905677
3608582333
3609403019
3610931237
3611128073
3611176902
3613566532
3614521303
3614910550
3615428319
3616829307
3617284331
3619264714
3620583697
3622947105
3623698857
3625489404
3626608189
3627862486
3631233743
3632953213
3633233884
3633353677
3633858737
3633870088
3634588716
3636401845
3641085853
3641910169
3646222640
3647073530
3647478591
3648216196
3648216660
3649507218
3650853491
3650943363
3651463411
3653606473
3653849191
3653921804
3654579339
3654947953
3658631452
3659925996
3660113856
3660653867
3660874950
3663367827
3664262776
3665067237
3666569304
3666961697
3668342694
3671287266
3672487462
3672987685
3673618718
3675214050
3675665007
3677265410
3678135918
3679261600
3680652200
3681820383
3682024841
3683596960
3684261522
3684464748
3684570712
3685251895
3687071664
3687891672
3688460523
3694896306
3696369559
3698479411
3699772357
3702861783
3703111270
3704124697
3704534119
3704984321
3705272828
3707201112
3708588772
3709076546
3710186441
3713205854
3714116877
3717635548
3719132774
3719751045
3720219654
3720663477
3720876771
3721105107
3722603962
3723556382
3723677165
3724364268
3725620753
3728126013
3728128670
3728511121
3728576952
3729992535
3730128093
3731026852
3731599842
3732912698
3732973255
3733019927
3733121152
3734541017
3734565339
3736130452
3736428411
3736528286
3736874979
3737033292
3737440659
3737839653
3739186115
3740029352
3741675823
3742785633
3745114700
3746411626
3748457641
3748935619
3752555415
3756741323
3756811908
3756817992
3757144660
3757463653
3757973826
3758246399
3758882990
3760156364
3760856278
3761339618
3762045259
3763704527
3764824780
3765807892
3767307180
3767592394
3768043322
3768396447
3769162957
3770698764
3770897364
3772886153
3773430502
3774662598
3775047623
3776732454
3777154404
3777439448
3777803925
3778100247
3778775866
3779785068
3780155444
3781814778
3781973224
3783894613
3786198985
3786349109
3786942183
3787435194
3787788768
3790352956
3790421417
3791707613
3792391208
3793180342
3794232195
3794517490
3794531431
3795126411
3795553939
3796446992
3797788883
3798222267
3798340111
3798446016
3800011504
3800179712
3801561662
3802265840
3802685786
3804795499
3805589995
3806646131
3806731395
3807492934
3807616063
3808678872
3811455036
3812972838
3815120916
3816323357
3818586707
3820360127
3820974836
3821778693
3822002513
3822844469
3822975406
3823083723
3823623670
3824533388
3825118297
3826642887
3830251425
3830721261
3831112575
3833967672
3834335489
3835560011
3835598485
3835719601
3837018127
3837567193
3837716411
3839146180
3840201267
3843263770
3843657931
3844410535
3844435971
3844529819
3844616398
3844747506
3844986575
3845279491
3846369312
3846865109
3847892816
3848011751
3848018987
3848205279
3848491498
3849287248
3849675805
3850303620
3851126834
3851606547
3854109513
3854855126
3854933009
3855250059
3856921709
3857159117
3859299549
3859376701
3859551946
3860066711
3862401960
3862839456
3862926117
3864329421
3864800345
3865405596
3866392370
3866489015
3866673705
3866994385
3867239879
3869072737
3869411710
3869689505
3870266344
3871672071
3871817602
3873591271
3874171541
3874310967
3875238359
3875368226
3875386157
3875564345
3875953511
3876206914
3877755398
3878406492
3878993137
3879545691
3879588074
3882288038
3884471283
3887892084
3888829372
3889690482
3890427647
3891250172
3891484257
3894345120
3894353440
3895551522
3896211842
3896243565
3897943750
3897957246
3898699534
3899235046
3900300308
3902666705
3902735547
3902770911
3904728946
3904746705
3904757525
3905369683
3907627817
3909491426
3909650284
3912097705
3912216944
3912959985
3914313489
3915088585
3915297736
3916320826
3917062745
3917131462
3918083323
3919267659
3919704163
3919720769
3919877095
3920565880
3921316629
3921332797
3921424912
3922911911
3924341917
3924820386
3925998264
3927754245
3928417452
3928892344
3932391656
3934024662
3934426940
3935999962
3937632294
3938363418
3938774879
3939597620
3940111149
3940648117
3942298771
3942346369
3945203508
3947489630
3950246599
3950728312
3951015807
3952151632
3952700372
3953147442
3953509704
3953847398
3955874157
3956174126
3956493471
3957662176
3957858100
3960339047
3961253503
3963083192
3963324382
3964643329
3964990156
3965344557
3965684556
3966347810
3967605749
3970865765
3972016473
3972479977
3972648564
3973437572
3974140093
3974900432
3975007488
3975127051
3976826546
3976951563
3977168727
3977752629
3978193895
3979568405
3979816980
3980526708
3981193068
3981391651
3981584848
3981744556
3983874505
3984202901
3984297814
3984490942
3985757311
3986687434
3987000189
3987313897
3987687472
3989123490
3991778663
3992186362
3992652659
3996173036
3997392583
3998175880
3998298533
3998702691
3999062152
3999774987
4001996651
4002092160
4002677686
4004910804
4006643870
4006688052
4008854210
4009817918
4010347512
4010860727
4010895776
4010989208
4011353101
4011744349
4015543895
4016799385
4017091181
4017769822
4018916888
4019731660
4020337575
4020338112
4021742220
4023380527
4025371349
4025387386
4026123025
4026840513
4027365726
4027792652
4028792530
4029110298
4029124560
4030046221
4030204136
4030586191
4031400924
4032859068
4033742575
4034453220
4036591617
4037635697
4038429789
4038911738
4039174851
4040276946
4041236147
4041654805
4041907685
4042330439
4043892430
4045162097
4046010277
4046439852
4046692780
4046974791
4048160741
4053564320
4053610795
4053650313
4054297048
4054634758
4055335486
4055764504
4057969090
4058557358
4058592866
4059442965
4059474777
4059585777
4060158203
4060249686
4060390165
4061293132
4062540040
4062852656
4063813553
4065648739
4065796488
4065798624
4066293804
4066569553
4066971669
4067271150
4068148345
4069120601
4070030119
4071301799
4071900953
4073765468
4074103899
4075426301
4075500185
4075835155
4076585062
4079073439
4079638225
4079768954
4080171910
4080184878
4080566426
4080682691
4080780727
4081733531
4082207592
4082768413
4082869772
4083754240
4085392036
4085506880
4086667799
4088861751
4088886110
4089480481
4089729263
4090155997
4092434613
4092635996
4092854988
4094701457
4097207718
4098164882
4099323252
4102413006
4102629530
4102699202
4103461934
4103542222
4104041161
4104953492
4105727724
4105923285
4106274288
4108580727
4109643873
4110671499
4110725797
4111689791
4112316046
4112793668
4112812772
4112908168
4113583713
4115692259
4116095748
4117162658
4117256251
4117308489
4117498906
4118101825
4120935361
4121418624
4121911329
4122840760
4124474845
4124777791
4125481551
4126389069
4127561680
4127613539
4127745362
4127890178
4129999404
4130080946
4131507532
4134601522
4134955050
4135614616
4135883134
4137478552
4138329072
4139396467
4140059450
4140284104
4142729882
4142847858
4143418848
4143802944
4143908839
4146449482
4146558591
4147783760
4148000130
4149523786
4150559265
4150709691
4150748565
4152383230
4153751191
4153854143
4153966030
4155900983
4157568742
4157849927
4158540867
4158882485
4159431127
4161195903
4161891586
4162545321
4169256221
4169364049
4169953297
4170751155
4175923111
4176286402
4176432407
4176646886
4176812876
4180232317
4184030955
4184452684
4186729116
4192606696
4192672820
4193061692
4194981481
4195235983
4196493066
4197282700
4197380792
4197678056
4198784102
4198973428
4199366793
4199512157
4200986607
4201161719
4202005264
4202063320
4203795747
4204634415
4206302756
4206553900
4206890018
4207126947
4208027513
4208699847
4209467969
4209497345
4211828629
4212433193
4213033984
4213426492
4213520468
4214042099
4214966327
4216872336
4216946007
4219117885
4219191678
4219327301
4220117574
4220550379
4221230763
4221253042
4223035318
4223550534
4223711578
4224414088
4224546554
4224979908
4227578217
4228423484
4228427525
4229640604
4230549792
4230978445
4231479462
4232273544
4232310990
4232463718
4233171192
4233444625
4234089070
4234852611
4235331895
4236714290
4237502207
4239685875
4241566459
4242320335
4243587712
4245632119
4247484728
4249249050
4249742349
4251117149
4253988323
4254556683
4255104907
4255112551
4255457354
4255458287
4256024641
4256172753
4257728529
4258028242
4259238692
4260148467
4260395866
4260548553
4260602064
4264187732
4264218645
4265330623
4265549984
4265741162
4266691540
4267266955
4267656894
4269174946
4271617028
4274094921
4274437977
4274502368
4275528540
4276550183
4277556055
4279543886
4279964607
4280641789
4282987359
4282996373
4283484487
4283635357
4283951401
4286563924
4287208879
4287821035
4288161094
4288940999
4289281772
4290852137
4291284707
4293698411
4294668095
