1000
4230848
19940056
23695678
26365924
33858927
46054930
47788137
55145268
60913602
62166689
72062586
96005408
98550767
109503615
110324776
116740932
127522571
129219021
129783515
148101814
148753768
158524795
165170538
173434319
173793548
177319239
191821673
200032483
206712873
207210251
223411248
225028742
227349426
228685622
231853014
236503732
239272117
240336130
251378230
268461199
282008128
291574616
293851866
298082802
320854313
328116899
333131391
335910513
336267108
337287816
371090410
371842414
378202729
385291059
385541815
392377162
398336906
406555495
410866072
411497340
415154033
445889863
448635263
452942662
454611810
460304961
461173279
471383710
482003736
487592878
499962491
513588172
519750431
521119627
522900063
523684390
534402829
546038436
548857083
558446232
562084482
567533743
567716164
569266751
571140309
571479881
584261206
590909662
603663794
606871754
612252531
613207116
617614248
619794899
621145352
621248697
632029676
637070667
638206906
657651116
659811608
662678808
675590539
676604154
679982959
683578273
688445414
696121075
704679358
708212891
709387815
709558759
710474204
724873964
726961728
728382442
733352047
734202082
737185214
746491045
748779799
756330085
758841641
761473700
770586611
772078453
772856964
783905549
793167219
797695089
798330464
803738081
807875151
808675679
809801763
810855228
811666298
811738736
814837172
819878274
821804645
825937642
830735984
840462883
870052163
883253152
885229860
896580248
905032584
906099385
909130936
923521443
926803126
953423917
964535424
970838600
971858198
974615387
975704343
978830709
990674761
1000602746
1005556183
1011763988
1014203988
1018868216
1019058166
1020108787
1022273763
1038121264
1045046231
1048948321
1051292253
1053167353
1063252776
1078152993
1106440665
1107863811
1108041439
1115374438
1117646067
1131996224
1139790078
1142931103
1144893517
1145166374
1146386445
1164473912
1168459577
1174957675
1189524264
1190878415
1194781657
1194874047
1204172655
1204801421
1208101644
1209731445
1222344753
1228747480
1234842280
1254398334
1256483793
1264829639
1267668944
1272260888
1272832513
1276768470
1278455142
1279113428
1281957900
1293022792
1295080513
1296081127
1300028316
1306498620
1317891159
1329389476
1339920875
1348667198
1355733762
1378394740
1378529968
1381555612
1384370538
1411168421
1411346134
1414652318
1416324518
1420286147
1420906131
1421794795
1429080885
1434316108
1443017507
1447121368
1448272373
1452083952
1456006307
1460808987
1484559698
1484881242
1496722881
1518140386
1521302273
1525294507
1528373426
1535154482
1535154482
1535154482
1535154482
1535154482
1535154482
1535154482
1535154482
1535154482
1535154482
1535154482
1535154482
1535154482
1535154482
1535154482
1535154482
1535154482
1535154482
1535154482
1535154482
1535154482
1535154482
1535154482
1535154482
1535154482
1535154482
1535154482
1535154482
1535154482
1535154482
1535154482
1535154482
1535154482
1535154482
1535154482
1535154482
1535154482
1535154482
1535154482
1535154482
1535154482
1535154482
1535154482
1535154482
1535154482
1535154482
1535154482
1535154482
1535154482
1535154482
1535154482
1535154482
1535154482
1535154482
1535154482
1535154482
1535154482
1535154482
1535154482
1535154482
1535154482
1535154482
1535154482
1535154482
1535154482
1535154482
1535154482
1535154482
1535154482
1535154482
1535154482
1535154482
1535154482
1535154482
1535154482
1535154482
1535154482
1535154482
1535154482
1535154482
1535154482
1535154482
1535154482
1535154482
1535154482
1535154482
1535154482
1535154482
1535154482
1535154482
1535154482
1535154482
1535154482
1535154482
1535154482
1535154482
1535154482
1535154482
1535154482
1535154482
1535154482
1535154482
1535154482
1535154482
1535154482
1535154482
1535154482
1535154482
1535154482
1535154482
1535154482
1535154482
1535154482
1535154482
1535154482
1535154482
1535154482
1535154482
1535154482
1535154482
1535154482
1535154482
1535154482
1535154482
1535154482
1535154482
1535154482
1535154482
1535154482
1535154482
1535154482
1535154482
1535154482
1535154482
1535154482
1535154482
1535154482
1535154482
1535154482
1535154482
1535154482
1535154482
1535154482
1535154482
1535154482
1535154482
1535154482
1535154482
1535154482
1535154482
1535154482
1535154482
1535154482
1535154482
1535154482
1535154482
1535154482
1535154482
1535154482
1535154482
1535154482
1535154482
1535154482
1535154482
1535154482
1535154482
1535154482
1535154482
1535154482
1535154482
1535154482
1535154482
1535154482
1535154482
1535154482
1535154482
1535154482
1535154482
1535154482
1535154482
1535154482
1535154482
1535154482
1535154482
1535154482
1535154482
1535154482
1535154482
1535154482
1535154482
1535154482
1535154482
1535154482
1535154482
1535154482
1535154482
1535154482
1535154482
1535154482
1535154482
1535154482
1535154482
1535154482
1535154482
1535154482
1535154482
1535154482
1535154482
1535154482
1535154482
1535154482
1535154482
1535154482
1535154482
1535154482
1535154482
1535154482
1535154482
1535154482
1535154482
1535154482
1535154482
1535154482
1535154482
1535154482
1535154482
1535154482
1535154482
1535154482
1535154482
1535154482
1535154482
1535154482
1535154482
1535154482
1535154482
1535154482
1535154482
1535154482
1535154482
1535154482
1535154482
1535154482
1535154482
1535154482
1535154482
1535154482
1535154482
1535154482
1535154482
1535154482
1535154482
1535154482
1535154482
1535154482
1535154482
1535154482
1535154482
1535154482
1535154482
1535154482
1535154482
1535154482
1535154482
1535154482
1535154482
1535154482
1535154482
1535154482
1535154482
1535154482
1535154482
1535154482
1535154482
1535154482
1535154482
1535154482
1535154482
1535154482
1535154482
1535154482
1535154482
1535154482
1535154482
1535154482
1535154482
1535154482
1535154482
1535154482
1535154482
1535154482
1535154482
1535154482
1535154482
1535154482
1535154482
1535154482
1535154482
1535154482
1535154482
1535881344
1549755349
1552799199
1554496835
1555243871
1555881386
1559605798
1562753290
1566731874
1575478594
1583746077
1592813950
1596461267
1607283199
1609906212
1613354792
1617712265
1627435123
1631478853
1640371636
1642371247
1647799286
1655335139
1663510340
1666781421
1673650986
1675424042
1679909896
1690903935
1702577634
1702632858
1708455502
1710658835
1717148647
1720451334
1722430131
1737213517
1740240099
1741402718
1748484164
1752243387
1767558384
1795692380
1797018275
1800673071
1806665053
1809573174
1810119478
1811816408
1813454278
1822661411
1823437577
1826644476
1839952338
1841203919
1841997341
1843903389
1844413959
1847551407
1853536664
1853581321
1854824371
1855015140
1870620350
1871303085
1879384600
1885351138
1889560563
1893146680
1894883908
1906785043
1907245775
1911164142
1918742701
1929349801
1931822999
1942844516
1947095766
1949430636
1951084778
1954771969
1962920746
1962946543
1982376753
1982870419
1991237082
2014176037
2025487082
2039053730
2040824833
2063055273
2065776816
2078154203
2078338908
2078617640
2082079520
2091090587
2097345449
2097978017
2103906155
2117857071
2123406657
2127392020
2144190127
2149244433
2165433036
2168731025
2182638593
2193073551
2195216281
2201075949
2204602823
2208600801
2220489062
2223634598
2223681085
2225606402
2225886442
2244170732
2259315111
2265478006
2277806329
2283819822
2288789829
2291348039
2291478526
2299176262
2300641864
2305131459
2305421498
2314070780
2335873874
2342631402
2343147494
2347453213
2347630962
2349382780
2358296007
2359500712
2367326534
2370814702
2373261448
2377776594
2379995195
2382825374
2386932343
2387480735
2392545725
2400345428
2401098259
2402784238
2407752875
2427420750
2433060420
2433329995
2437128980
2448075633
2457575097
2464636289
2473812469
2481330781
2482654676
2498572127
2503878778
2510300948
2518181628
2519075530
2526065391
2535657031
2536867429
2538103950
2548781457
2550498864
2586873718
2612327376
2618265756
2619573227
2634171833
2637073408
2638706694
2640009068
2641645651
2644074497
2645778461
2658327605
2661469536
2662819019
2664134802
2667273551
2668928783
2672426200
2676278122
2677650976
2677886454
2719255991
2753705212
2758856762
2762654555
2766368291
2772233121
2782390461
2783828024
2789121531
2792103013
2798763923
2809625263
2811602434
2811986076
2812810243
2814013339
2829611317
2832540007
2836805524
2838442472
2852480893
2881207144
2894261657
2898088800
2898372442
2899985162
2912563968
2916489412
2917865868
2927794743
2928080683
2928711806
2934049152
2942389490
2964537467
2966291400
2972208869
2978887045
2997090739
3017420799
3020897083
3028667017
3034161022
3038776534
3039388311
3043874722
3051665668
3052292230
3055556260
3065225257
3065936513
3067162875
3068643175
3071530215
3074485120
3077920014
3085341292
3087697615
3088399765
3090788957
3099586865
3105033313
3106083821
3113002096
3120631506
3123529263
3123959541
3128683539
3133814321
3135786168
3139797004
3145823034
3148803854
3150031917
3158683465
3159157270
3170488237
3171038726
3175960246
3184050472
3188430442
3195317923
3206805911
3218871774
3220857695
3229067669
3231948311
3243497853
3249249614
3254337752
3257345408
3258576702
3263849996
3269517387
3271325290
3281382094
3288559282
3291869375
3293724868
3295586401
3299869089
3311598610
3317458849
3318569911
3321569512
3322294646
3335159954
3336675523
3346750721
3347831933
3348463684
3368175803
3368453593
3370000496
3374194392
3380580384
3381750479
3401786231
3406531752
3408447878
3410957156
3417083640
3420543303
3426903295
3427958711
3429761313
3432820188
3441331731
3444710440
3465207255
3466957246
3469535318
3475339116
3482706558
3489787481
3493102215
3500576612
3503098025
3513323704
3521876300
3534081198
3542227086
3548614489
3550071933
3555538220
3556330220
3566040840
3587980972
3606893028
3610950841
3623557512
3624975915
3628819616
3629257715
3643136803
3648064910
3655148199
3657822565
3660444740
3674596301
3696979726
3698329591
3719677690
3720476006
3720510798
3725281268
3750458447
3756031919
3768768442
3774373951
3777242074
3794508129
3799331416
3802251249
3802616208
3806444309
3808972665
3809820072
3816909817
3816986093
3818081820
3820535694
3829568588
3829766846
3838007568
3841148277
3849303764
3852975100
3854590420
3858144838
3867868520
3876865627
3878382874
3889630582
3893081070
3898141721
3905254765
3908590677
3910757007
3916003574
3927830506
3929344054
3934852598
3938111158
3942044957
3959389641
3967686189
3973743017
3979891922
3981602412
3995982815
3999433996
4004659134
4016385784
4026558063
4029614444
4038545629
4039497816
4040626063
4047541216
4049376516
4050447653
4051688908
4055677452
4069011828
4070697557
4085401622
4085669524
4086163047
4090918682
4093093253
4106287045
4127563845
4130049610
4147891027
4150388442
4166352481
4192175972
4196174749
4201063447
4204506693
4208549824
4211524206
4230045269
4238981231
4245817827
4250027657
4259628387
4260893171
4264740808
4265847054
4266753365
4269279311
4269874341
4274514022
4275450055
4279442719
4289424929
4294756759
