1000
1977419160 1977419160 1977419160 1977419160 1977419160 1977419160 1977419160 1977419160 1977419160 1977419160 
1977419160 1977419160 1977419160 1977419160 1977419160 1977419160 1977419160 1977419160 1977419160 1977419160 
1977419160 1977419160 1977419160 1977419160 1977419160 1977419160 1977419160 1977419160 1977419160 1977419160 
1977419160 1977419160 1977419160 1977419160 1977419160 1977419160 1977419160 1977419160 1977419160 1977419160 
1977419160 1977419160 1977419160 1977419160 1977419160 1977419160 1977419160 1977419160 1977419160 1977419160 
1977419160 1977419160 1977419160 1977419160 1977419160 1977419160 1977419160 1977419160 1977419160 1977419160 
1977419160 1977419160 1977419160 1977419160 1977419160 1977419160 1977419160 1977419160 1977419160 1977419160 
1977419160 1977419160 1977419160 1977419160 1977419160 1977419160 1977419160 1977419160 1977419160 1977419160 
1977419160 1977419160 1977419160 1977419160 1977419160 1977419160 1977419160 1977419160 1977419160 1977419160 
1977419160 1977419160 1977419160 1977419160 1977419160 1977419160 1977419160 1977419160 1977419160 1977419160 
1977419160 1977419160 1977419160 1977419160 1977419160 1977419160 1977419160 1977419160 1977419160 1977419160 
1977419160 1977419160 1977419160 1977419160 1977419160 1977419160 1977419160 1977419160 1977419160 1977419160 
1977419160 1977419160 1977419160 1977419160 1977419160 1977419160 1977419160 1977419160 1977419160 1977419160 
1977419160 1977419160 1977419160 1977419160 1977419160 1977419160 1977419160 1977419160 1977419160 1977419160 
1977419160 1977419160 1977419160 1977419160 1977419160 1977419160 1977419160 1977419160 1977419160 1977419160 
1977419160 1977419160 1977419160 1977419160 1977419160 1977419160 1977419160 1977419160 1977419160 1977419160 
1977419160 1977419160 1977419160 1977419160 1977419160 1977419160 1977419160 1977419160 1977419160 1977419160 
1977419160 1977419160 1977419160 1977419160 1977419160 1977419160 1977419160 1977419160 1977419160 1977419160 
1977419160 1977419160 1977419160 1977419160 1977419160 1977419160 1977419160 1977419160 1977419160 1977419160 
1977419160 1977419160 1977419160 1977419160 1977419160 1977419160 1977419160 1977419160 1977419160 1977419160 
1977419160 1977419160 1977419160 1977419160 1977419160 1977419160 1977419160 1977419160 1977419160 1977419160 
1977419160 1977419160 1977419160 1977419160 1977419160 1977419160 1977419160 1977419160 1977419160 1977419160 
1977419160 1977419160 1977419160 1977419160 1977419160 1977419160 1977419160 1977419160 1977419160 1977419160 
1977419160 1977419160 1977419160 1977419160 1977419160 1977419160 1977419160 1977419160 1977419160 1977419160 
1977419160 1977419160 1977419160 1977419160 1977419160 1977419160 1977419160 1977419160 1977419160 1977419160 
1977419160 1977419160 1977419160 1977419160 1977419160 1977419160 1977419160 1977419160 1977419160 1977419160 
1977419160 1977419160 1977419160 1977419160 1977419160 1977419160 1977419160 1977419160 1977419160 1977419160 
1977419160 1977419160 1977419160 1977419160 1977419160 1977419160 1977419160 1977419160 1977419160 1977419160 
1977419160 1977419160 1977419160 1977419160 1977419160 1977419160 1977419160 1977419160 1977419160 1977419160 
1977419160 1977419160 1977419160 1977419160 1977419160 1977419160 1977419160 1977419160 1977419160 1977419160 
3506873000 3434489785 3044717892 3988563003 588872986 2152920303 480523844 2625000633 3891537681 4237079373 
3015610157 1536006124 3612384242 3035263645 3292780826 1663788794 387590706 1101273801 891305877 3326516067 
355547553 2969587579 3328562437 3255269856 408813632 1073031825 268751276 467091064 3124766988 2808102759 
736856207 2244573587 378251630 1067896075 684870326 283229938 3669170473 802884871 693549997 966476630 
1616989259 1015294241 1211701852 1263350132 403827589 793190298 2337563031 420023301 505097298 1018548640 
3550807794 241955141 995947346 3236567395 559045395 3897613050 2722251069 137028000 4252608198 3767342566 
720516654 268147109 651591984 2414787598 2136906099 546292602 1463895496 2915738696 2967897447 2111403121 
1715563072 1014648988 1305946631 909244667 2313893335 1857388 3526930530 3212663060 3261326694 3004382529 
3823872729 1929641918 2504077460 3640414587 1516577306 3443942625 2972329018 1012015911 992767760 320939520 
3562779825 2563038384 1957580123 1233155864 1819295620 3267403557 740419053 1588193740 4145440251 2484859288 
1987392128 1703962313 2288943766 219525284 4206207124 356631556 3732492593 4158681979 352714723 3243581558 
48906568 3916233207 3257962270 3504080453 1565199658 2902456480 363531066 3917478120 615762312 2349996780 
732168882 3996350064 3235538124 2348753648 2110749073 1567258660 2590944886 4187852804 404128809 1110564297 
110587699 1453947318 2416229015 2201459982 2272892602 397123437 930619179 4130279894 984035010 3461345101 
3044716885 1843568563 977458829 1083439528 3569571826 1341147118 909230779 1880778884 3792009131 1476907905 
3305960281 1015936301 3997369475 1947561493 3881714388 1434151802 885290372 1171383212 2192246592 3755565140 
236696423 453468760 2595247166 3515438790 827829760 389703794 4069315300 3397657049 3518805105 1051549706 
2745539228 776681510 4266603310 2420281833 2500592966 3747183694 238279163 1172610696 2120562308 1163090409 
988241274 3438122364 107002428 510195653 1234284528 2463281653 521720816 120644763 41865059 1058178419 
2611603136 316721629 3322394559 3538453703 3711942943 333800199 4025910057 3180210290 3464732481 1359844426 
139426484 1072978974 1577649149 2643186540 4242853723 284067392 2879312588 3240319725 790923604 3571207443 
3007837041 2554331280 2561058828 3024696982 3167036687 2167584533 2744332655 3532089986 3725020954 2814149542 
1007533130 2288940072 1135367898 581856619 569432792 1755099608 113190567 3818566332 175708573 3347665456 
2439046001 117182744 1907799923 1993307137 1716175908 3464454445 962443636 2652863159 647304687 3958261250 
56272886 3378477863 942335508 3924189773 1589811009 2267664783 381954653 2129428782 2769287258 3240664928 
4026275090 2648715948 733052644 2751019299 4278834019 3876055331 2310867096 1865128678 135186100 2596701449 
4263066439 1255034449 3771037291 3422357060 2787637701 2390800512 3659985454 1777794422 2901630261 520816028 
2465638133 3777853313 1453695692 3822130017 3755674331 1679937899 1835703498 3293128089 1196715976 3107392751 
2349220752 729754130 2333088121 1703898636 3970310892 2981489522 2051734481 1244746023 2409464625 3877558256 
2830317944 1234857589 3824315830 2801415727 1608618420 3537108063 1239181225 3173273791 590232766 2240583704 
1235250862 356024628 1006110363 949710966 1509221171 4047491834 871789042 2738520959 2170629498 2280672347 
3842615763 3139657520 1288487934 1714393494 4219346774 3426982091 300962514 2872260146 2113992164 1021426222 
154093026 3669343118 3574875428 3483348942 2751563761 138972974 123635454 753794685 3110396051 630633581 
324278454 1710900497 226607639 2828400456 338973986 209994834 2921785464 3388019716 3298767048 3964405202 
3756312826 3361999264 490630295 1950220133 264032764 3053143741 3742985101 3793325492 3319978909 1858926470 
25587040 2299437507 1466823518 652310841 482062324 2877565122 1894859356 3823322605 1231468841 1565841188 
4269710410 3070065185 2212932916 3740303042 2626387170 617992089 1513135539 2147207951 3903982338 1453653190 
2582966025 1771888955 1486486706 285681506 680701745 1960537569 3773114159 3475112493 2745651738 902985555 
3012706343 1044500191 1488668166 1641423462 1069109277 1570819268 2549364480 910454640 3975989762 1380186444 
2637284712 1170254004 1287408811 1936507633 599611097 1830777365 4097697739 3143577276 3686232554 1596979506 
86841774 3870898605 1569295365 3061794175 1032459499 3091340525 3668788669 1691301583 1126459396 237515607 
1129230098 3985863183 1589546444 2973343568 148964632 3611347394 1694407272 1511339755 4167964234 2189636027 
1753022387 2455513541 2435906781 390938290 3362986837 3849472642 24858482 4002554227 736232940 779816179 
961173039 2984534095 3953328401 2877536737 3087557688 1695941496 552966100 565051337 1130618725 2063606516 
2909107106 164163418 2875033959 3473613952 3466269179 1911490196 955752962 1317018098 1778764717 1315304039 
1434504821 4106158630 777336686 4234657520 3138786338 377378600 3616404296 40443294 3202960575 430158642 
3952888152 85774265 1723083317 57438919 2723651457 2403936103 3861677868 541558370 2663310377 3221333769 
1826202972 2287248391 1770782731 336569899 2505367255 2717865147 11739905 21108890 2457091981 2792080264 
3968828606 1463782102 1774853171 154174546 146323270 1800542623 3403250840 462758851 4253516131 2871656907 
209856702 1648313746 70001972 2013129204 1919575515 3698157233 2916176991 2156910038 3072262455 509671245 
2986634104 3869808825 1030236986 406436392 3010073316 1957113844 2006692617 397477027 4255896477 3234903073 
1583449203 1292979395 2553140527 3657567817 1322913467 2367904973 3176496334 3831968182 2383816974 1412033094 
1576247417 3342379218 2704497767 2788692517 90280332 1587661611 2013950877 2431240338 2267110566 390457715 
4202523987 3575141327 3042884910 380382351 1583631706 76795850 313567605 129272927 1845918132 2017117289 
432070511 3312997076 2306082439 3495707046 3972083052 2040430704 2871667784 2250222633 2429669877 1023891818 
3743069985 3970023192 615283687 3274840173 1983586410 1973605241 2999749043 3664338380 2830888470 1075361177 
825056140 2757618113 313980791 1251870558 1986645461 122671839 2337722283 3505771536 2790000572 2308100650 
3248239820 1525012252 709281795 3288648400 1071398084 3235274982 2100714821 2221798214 704656178 4059477422 
3266972555 757836111 2005020477 927562178 870552664 3101579178 619731777 474433029 2591579160 2156005109 
3587235345 3894797656 276315850 315231425 1292154610 1517900908 1256857831 802900179 625351645 3342350724 
1797036163 1348548103 2604288142 1723100956 864496512 1880709926 353078632 3008006297 2704981787 808020359 
3422092293 219261968 1985292610 2557602665 936344015 1109811280 274195258 1423039914 2954287838 2638316170 
3652226487 579172116 2740723902 3153089412 1285626959 1763893580 1137100002 4090809149 3176954281 2006173368 
2070598625 2203266411 2339860439 4038741529 2871625140 153145754 1563014285 1398450714 1170262980 2622169605 
2036233488 2043928701 2964167044 2052930234 1070158465 3218482657 3804761551 2386827362 2142763337 2280468088 
2864937051 1286121511 1907837296 817121906 230906016 3439013572 2121818436 50638325 3214323447 3142181865 
919740877 4105742063 169202415 1711730064 140514227 3932177487 3080120327 141020194 2054995162 1203233598 
2991815364 3471705222 2851337038 3643344763 2591612961 829888379 3734935285 2439991846 2837031220 2067835576 
2431619400 2817301267 339980492 190504571 461030005 1422640051 2350149999 1798174241 372420376 1297198343 
480873125 927747809 519501579 1391103813 3486110465 4028418737 1768696425 2409463645 3058424120 3721492139 
