5000
18769035
39497899
42721100
27028015
8778416
33117901
18854302
28013295
16750172
35145891
97680
35333047
5014185
7013137
33411141
22716958
27593239
33769824
39169554
31261832
27191733
34168007
34968057
521728
14110752
48862792
22725618
44716199
52881478
48035402
34694374
45881563
13665028
4751782
2651741
17134413
6797252
18298163
51620788
7190528
4047709
52028525
4594552
39352312
34674576
23151482
16686682
17202869
10609026
35331622
6523981
45122711
33653248
14642754
22101762
47228246
32596925
50466874
3211305
20538431
35146801
41978626
36320956
43590303
46860998
10233387
48168280
22906030
50291863
11201650
47895047
47827681
4620591
39963978
6630401
43218130
27151312
15009887
42820448
43441484
51536596
44664866
53130116
2925641
14174756
11231782
3877670
13742856
9949286
18559595
27496104
22304638
2369998
19243992
46824341
31418607
39973450
33444324
29977738
43017406
37169990
2788106
51785595
48331812
22539264
22448058
18129458
49048945
7116334
39838151
24631613
28245
43058987
15567721
41193369
25213182
18004450
28768743
4880992
22844243
7222104
41717066
2003723
43786129
28071431
2125942
29060571
26882692
37126595
19064728
8794286
13875099
50277002
14020735
41897460
44605595
43307322
40042041
29070838
36227330
15009520
40320647
3653792
52964129
5867407
5470286
2061046
780195
52734555
9612517
44565841
20651425
36521275
8090856
3338503
27003941
49105147
5526262
21015125
15376381
33837574
39037795
37812196
24129375
52678282
21878255
44306937
23051375
48900014
16119479
37871284
32300813
15296170
6136118
14308674
46338810
33344838
36416721
18736611
15865493
22513301
46861217
17870441
21260417
24908929
16016194
27135742
19215664
31776898
48422944
24199388
48159337
31857539
28485114
47418041
34065030
5364058
31535104
48176498
35429812
6592413
44872316
31983501
50379101
28877755
39744751
38314318
19034510
48824698
48058033
26117810
26776839
36979735
12253148
15278674
39345360
18256638
50958088
35415941
7098108
53153594
13965252
13989190
34165212
13452263
22285472
3555229
36162914
28178484
15943318
48866314
33829846
34739876
27381469
14853327
39862167
35376423
32542368
486065
9580703
52391635
47073758
16660675
14587464
26853335
22331878
41840805
52992622
17180554
5832235
47955100
48172861
5143170
8716018
48245736
47311101
21858892
23804775
19859707
34785362
20788513
34107087
40139900
43376892
49581045
10003724
28914117
40188042
1078127
42114686
8419010
26305247
19166502
31472752
9192025
19748856
11722910
36890514
14700300
35187656
51181375
53016124
35409370
40919822
16856101
31486957
4962901
27047205
21289841
30375510
48031036
1482829
4641836
29596362
23635568
2640819
33831538
676768
48949386
38914982
10299221
22620146
45304207
49237538
36472451
44010373
43369932
38111777
27643008
12606117
18285316
52087242
52069489
34293631
6769187
31715974
42775834
32732489
50440152
49952642
46907107
50025168
4288519
26111963
51263371
10879222
6330333
16523489
16769324
40520766
34098468
34160232
37802418
48175178
33333264
28862394
34169903
50711325
26908020
41920855
23409808
47569619
3634473
14239588
33353384
2128466
11522450
724218
28690110
50366683
7426273
6721306
35691986
49526433
49059084
53350688
5437716
6517715
32312166
9511230
17896334
25086860
26271439
33646955
24008675
43428889
38700852
30351127
35083945
29320163
45382925
9146330
20297153
47826608
46843189
28854638
24030309
40716434
20853990
1441616
12052436
41621840
7617534
39326357
38304214
10726702
22055501
34009940
21389673
35122828
34498080
38141087
21856624
52440892
9104272
52258897
27842669
24601462
26764633
8051659
38134131
22621067
31367362
23324690
45435662
2781108
5168876
42484012
39120918
49125568
9311012
3046941
11175614
35167319
51349976
40546751
29846235
2950820
52666702
50434582
19423677
13499
29156077
25686888
17598623
20459189
31643970
52585101
488634
10048506
24899559
33625965
44042722
2953308
36777139
38889581
36533225
470732
3061693
45268058
29465497
26547023
1572860
39843800
18032792
3883667
19778708
31178291
27526969
27945093
40954869
13862554
37154803
9465076
26565069
42937536
35278846
12233730
48440037
4008097
50423589
51050309
35299763
50931761
9875167
34404632
24142527
22541225
1945480
8234031
29688294
38453339
51649816
36534867
2896008
53285538
7973053
3737977
20455268
15248507
29313387
47748303
49751550
41413409
40575336
48086272
4872692
34392491
31391597
51043521
44258861
3373377
39767150
27253288
46751966
12371789
11425904
9612560
22658287
39435655
27055233
36000939
45376782
4612977
45792219
51383220
1869537
9545904
39474193
13151014
18739097
14650362
21543758
21655602
49240922
5089496
25910090
7471588
19875041
9075571
399546
5413156
50852294
20137890
8766406
40027125
38897314
32705017
21490214
26624058
23985310
51538078
25439135
19028781
51537396
19357407
44810790
4340047
16686254
32927681
2033060
10154680
34983260
27486083
11723443
51229291
24754059
10918846
18591158
16568991
2225551
46480252
7947410
40612733
16420024
169439
53363720
21661798
26375759
49908779
15159803
579461
25256429
48745176
25141196
38867968
11299773
1298514
43229744
4547069
17762335
3038558
41120053
5049456
15697000
30290379
25887416
52663752
16688783
25927800
23109987
3522857
10574956
33251725
25506943
28081990
22037256
5125955
41267381
35859083
50532391
40802023
22693882
8314043
8794214
8708674
50401705
10510435
19186616
13965382
45878145
35139578
22132796
11287426
30247593
45613664
14517603
26004735
30548449
52179808
1451538
13345049
32348745
35095523
14023510
37914863
1569550
52381781
23176528
35405735
17452631
14942797
32253424
13950418
45560918
6023516
42152799
6036183
47988485
48076930
33704784
48348834
25487642
24456713
547200
21613173
24345247
3359939
35969266
23326755
39974300
7562457
50487337
11946223
36551265
33821924
13897678
31787027
8782515
27342759
9455985
50278751
35503536
53404567
10641399
52735792
17109488
16698422
47635850
35975780
51345114
25585510
6946808
41005323
33339781
44764691
48720338
52627379
17772893
48402403
19822123
40400060
47368921
10421765
33743075
19541561
7473276
27029760
12646860
32391518
12321268
19111895
49118264
49477562
25346921
34268174
32061999
25254720
30476218
11498618
23614793
14112321
32523595
16486609
23454858
29682923
1644047
16303214
20087780
40609683
10697570
6500565
3167479
2994227
17629877
4636233
18303938
29592520
8567858
18160731
9500309
15945899
50950559
43799582
47117419
23519082
17252903
20495317
37491390
200695
41530699
43432401
24177239
23542253
20293682
37569970
15495500
13983104
30887378
31645832
2417296
10850145
6695781
30128310
42632661
6416312
15869097
13501820
52146591
48495183
42384779
31147705
43825276
49852879
11064297
20683562
20830854
4072208
3839203
4795359
17435327
23377649
10843939
46652050
18081646
40593832
16678464
43422579
10145233
379350
6824739
46085448
36684585
10788340
2076555
41097654
12154165
27630015
12043074
35330621
52498246
1335
3763411
16279345
30477966
8919599
39281436
40811884
46708761
33256499
38989168
45085037
2958578
50673427
29777316
18231934
27235304
22254608
48851123
41863913
48476676
30600810
38080396
37663107
2475680
50186788
28086957
19810912
15189614
12550351
13909952
14606805
9935395
50984325
19276268
4044434
17064725
52989968
47251378
21976896
47711052
36908399
33279924
6419061
23030528
1743986
23975686
50170825
37556546
28885003
51767
12128726
14184341
44198737
25879913
39980925
30948509
4858015
8068023
3148974
20669531
14979061
5589858
27446401
44865560
33270261
21645944
26096301
11213524
22865220
29678946
27304725
25045095
31487932
42565223
47715398
48577874
48979090
43706877
1770275
30213427
33998086
9417339
30122206
4255563
20124809
29632988
47180274
10700967
40963689
20381346
50239374
21725441
48592963
20566342
6974229
26388724
14926102
33674130
49093739
20850589
41866252
47620432
17266883
20615
47203558
6601490
23752852
19817135
14272123
18683550
18200005
35967376
7684329
42105800
47456657
24301273
26037679
2961506
37095818
25367061
13241465
12622022
45169655
12811839
25513631
480536
38294623
46125576
5667311
30009648
15589587
2221888
4707383
50144161
21059859
33761248
28541508
50479238
21501599
2712575
2604526
41343334
18880429
687885
28734222
19256584
19441847
51672405
8588042
50207830
24761725
15291969
47823200
24064151
37549577
41597438
21225639
5846550
30578747
25372486
38791852
38832174
29739825
22570600
46458815
45918932
18856918
14553414
15763044
359073
30919968
15358820
16747097
45135633
53121253
50272058
25980174
29317758
34378182
28789667
31827709
13653328
31579222
2756715
28265211
31826450
27290053
38962912
15356914
12714289
9615103
7981062
31423030
39643776
6146437
31601066
10369134
43007077
6406673
46207394
20209799
16024841
23951519
43683562
2519219
17656440
3312609
20907081
51657661
9417225
12371357
36420455
49536294
52994838
7759165
6353727
36893470
41761104
47156024
20068332
25176810
22773735
36793997
30871449
36603733
5686010
18433985
26226227
24765904
32067317
46455628
20356357
32478320
11917796
33133217
10091594
31752475
33388815
208161
46796263
7289193
27934317
45685723
30804539
51980177
29840267
52575754
34617337
52563638
10031407
13032353
12630807
43187560
11760876
48457382
24263666
45964295
3689250
35374809
28036558
34918436
44251996
40454428
3085848
4887936
29800325
46551313
7451393
8010143
12450876
37783421
34951183
50980328
29604807
17353851
42584489
33502821
214905
46434624
22905497
53212262
16194988
23884527
6762290
20178742
35456296
3941036
17723280
9677883
31240723
2218847
15268563
39130065
13059790
47490384
28538578
43944108
31960637
21369701
28430216
41508349
29857203
20408797
34712227
5091179
31575583
29556365
11603616
11103946
12158632
35664538
29477978
43686267
14897694
2583648
46010156
42151978
11199523
49484859
15903139
33785055
14270205
42738345
7976630
17181348
4468947
45249827
18363939
31893252
46309949
50643453
36570335
10934529
9786688
35750904
13536492
50763061
3718991
32875921
44897846
20084083
21183584
44644552
21727623
10301282
43966085
37852066
6025504
50105344
34240813
10348717
47499717
34351961
26236365
6770621
53275649
15445233
52524649
48322891
32987332
30408997
9481602
14381771
26898260
15637595
6048964
47539574
36108724
21992098
45530461
52491260
35048739
49432569
45606374
16166392
7171891
43539935
4784160
50970796
49862923
6197202
3970970
34293427
20878121
7323827
27326879
38155637
37846008
19043550
48289305
8489559
10418209
23472600
8232892
29209488
30649584
4159612
14977870
27155296
41801158
42886799
49500777
21502519
3466969
2436860
17768858
31208180
47297122
3587775
4428348
38934912
24496101
14510172
14829532
42168671
39161295
3331350
47078093
33516352
27079290
25931386
12371655
37463053
30550452
28426803
44105047
30722700
4829567
27215236
52413630
31764263
32661310
1989722
16647143
21078685
2826191
41307483
36074529
32509805
7889899
1230988
18827417
45428515
9672381
32397531
6459549
43602670
10037897
23100215
30499018
43100738
49156942
875975
46806902
32213435
19302531
8718388
26407059
30605104
50290665
3233347
43654686
49269774
31485370
34292860
52643174
33183542
34196122
31727563
20878221
3623881
39312539
7743025
21058639
39843284
35937389
965569
9036619
47225531
16382012
24040945
29964232
15158438
1682919
11968854
34472585
43833346
33312216
39711473
29744826
6495601
4039053
52222402
39881660
15354115
19132601
9602983
31417930
8515986
4555223
15926748
28352449
25457542
38469017
46429679
3710192
29242072
14549683
33401328
16758424
37786906
27895990
4304035
16754334
15711977
18957134
15012462
49886977
11082794
4010174
11791498
44345137
46463723
31949250
34495845
45828385
38068567
4617065
22294638
42773339
33508404
49914681
40804920
51295069
2518574
2571651
27380580
19703076
41673462
5440282
33819193
20044108
48274445
51502835
15811110
2628959
22885167
20116532
20064347
9120457
43681379
5997355
24773066
39018957
15094031
11037258
44559518
9136491
47274050
44632316
18043061
49463848
21993431
22385729
34407409
14812898
3319982
35073366
42445122
30986269
39539650
25400346
23343364
49274675
4392704
42646405
43655992
10963207
26750693
30315879
33572480
8122696
31863667
42093762
16269031
52310621
16330486
29543947
11367631
6938232
15957184
10650330
34533585
32093421
34876028
2450092
47818112
221402
7412871
38027692
21664752
10684002
1932529
32412328
28015020
17740913
1103935
16223247
20522678
28364255
19373531
8333516
43311629
20215626
29955228
166512
45464253
43742675
32604715
18171006
36516965
45413979
24461192
11612923
12514459
46825722
6548615
42209234
14030741
18854137
29484414
6180850
3243835
44835141
52672857
18958123
18341297
24162135
11247126
25001650
6756387
6385781
46385077
2539848
24937046
642831
7800631
45904678
53390869
6142063
8718837
9908389
19402677
52125084
49088286
17450294
42707184
17449995
40223454
28552101
42672703
20619337
37200388
19244059
18534318
38267047
20798789
22387491
27809847
12944237
277281
40561955
824729
44849381
7449403
13029319
15387427
9609164
28379787
30363939
647266
5960363
48538103
577703
53127149
20940470
14290657
48458870
21271148
11509118
11703644
14062310
15120790
9051485
9693743
27952655
1168204
20384393
13192460
47202183
39494533
18403913
52875610
39084527
48204441
29298514
22373937
4524789
49487765
15239497
38265632
34643138
41262596
19362465
21771581
2072243
3422608
46611625
13564344
28682233
42149763
22052477
44559319
34081185
18912585
18689210
51656358
37022488
26471487
40268079
34065327
43728150
38538956
39252258
16859137
38676824
42034888
43661513
29087619
10792255
38747821
1719731
12053086
4465931
53104146
22138025
28460515
49505005
24393364
8731025
11947363
835382
6093611
52305316
44843286
41349040
30489216
6784184
37968478
43630807
37998007
20021706
27327399
50563645
46472950
6852952
47321556
41446603
38396073
15268548
4081222
622785
3532669
6891763
24702793
43124403
52875690
8173912
2774081
3325264
7588763
10047576
50851624
2081796
18304610
42013629
41915301
14067732
38069626
15620274
52951156
21753741
40539555
33372402
11749087
13244537
40296
29214161
9061889
34922181
47235222
36124943
40860547
8092884
51843192
40771413
32090937
29338936
14674335
16857821
3265524
35134429
47886842
19390019
42474773
1514980
23685931
20588609
52536426
20535980
51379837
3853207
23486651
14708778
26631054
6643538
43371865
30422324
42542279
13405117
51898350
4394791
18890430
42061310
17337847
42325544
426513
37456569
37823474
38587360
33612102
15554734
40731168
26354621
32658652
31983751
22325676
11144021
24077205
4648196
10902305
48059913
29713636
24808963
40974393
31987517
52248425
26931126
31990649
18044864
2260751
7305117
2803689
53169388
18895322
45360278
23951866
13304095
41858748
52467927
30412031
515051
8812623
40339440
17415047
26216527
33999849
15003067
50953769
37791063
44301584
17087506
20050358
30561134
612641
36423109
23431358
44869701
24244692
2296011
22599507
24571810
21431944
13248426
17610213
13583949
51836931
25215387
6983426
6998147
31232607
16859583
47587504
8920809
31904525
7222794
9189758
25781092
28180471
40001860
29781249
5412989
34752237
39962310
47892281
6710598
26560150
11183445
53065322
15112638
38922020
161227
38389650
12824639
41506857
3654354
18285525
50228826
52918546
45626822
30029851
34086825
24319417
6260936
50059913
48553558
45070710
342075
33755604
27023769
6999803
29648907
52796461
49013710
38907820
9016180
32396097
31863095
41817125
38567564
33833843
39128950
49195848
44076274
21498997
16398187
34257244
11286367
35079235
46329678
28377666
22717626
4023577
52627391
12305978
20101423
26647072
39383389
28043264
8458360
48669000
15741634
24085905
33195161
39677248
42309453
5203243
42769751
37417718
7723610
52855665
7088413
2215065
50416537
30112588
27034165
41430752
36752278
32616790
52819574
16580465
26773112
17049426
1493933
48133058
28329431
42237843
34927756
17879666
1501584
1632054
35079167
36976640
37732034
15915829
5220131
8381300
24709570
44732153
32211381
42495899
6396940
40178662
41438036
13499197
4105509
46465189
44709782
26493398
26385879
15488166
36395835
50143506
28725208
12306750
30246911
2193635
8179641
6847220
51110638
20194983
34317854
48984813
46552369
30580231
12975773
3901945
46378241
30492949
46894460
49896701
837459
3375496
31544998
24665549
32111179
8611783
45578990
33117128
43200792
1642313
24498177
35820263
22070782
39654986
42379754
14861681
17342967
45500187
35577812
16153216
42276659
32481720
53226745
11267131
35087976
45022833
36055017
47968506
23719540
45472943
20084790
18358087
6790965
11632555
32454578
23325233
40980622
9667418
14611978
21923018
37729003
45021493
32198004
6053309
36274034
2003394
19582692
28110161
15781633
49444759
8637950
16384297
47736894
23754881
51376975
21379161
12045122
8368043
11499317
5946794
36869903
2351141
40330632
37674948
18473797
31182996
38425186
4756427
36596118
4414087
35715393
44943087
14744491
10785956
36973222
30917297
13464656
3436915
46638378
31556854
35832645
13501120
33586287
13327190
52959162
16015960
52618996
21140323
25556625
21290925
32759447
47545131
11831288
6222772
3495557
50143410
31068057
14824869
52045906
17532964
32825744
37988800
40371018
28243489
11546872
26205312
30225625
45254144
38873411
8024547
39279726
44327089
20900284
28507841
4540973
22229073
39460576
50180862
45865090
10894679
22855620
8635936
38537667
36252402
52829922
16822698
27611994
36428641
32106160
21842693
22522075
15566106
43475723
34675040
50741102
8881813
9533898
15610228
28368545
51298177
44003005
15418488
29285949
4661757
46471495
18312743
21151161
47615529
21705247
17792552
12496123
40457313
18192063
50990967
41533281
3950878
13417492
1916417
15630181
1657364
7315726
7720502
51539051
49714555
2329953
16869076
6585223
32366954
288431
35619035
53044391
22557057
31271276
35987931
45966825
3213627
6103180
42284412
26448089
5410777
13410004
37863674
39323087
48684959
28537552
14821596
42585058
16191475
2179837
10200200
6331487
35918767
12420613
26425929
43118935
7650282
43241980
28310756
4712090
45250708
86446
17658249
44468197
7129360
14378816
42573210
48444121
32480068
50921352
31237962
36150354
6881971
2974402
2656169
11220175
14433079
38107977
2529467
40262986
28812477
49177806
23984756
40812242
52725667
13819812
4447407
39907653
12651096
27206657
11182699
36858932
47938335
8249260
29088297
43690851
13020106
37889507
16383819
50742826
50862416
7244774
4379883
28841795
40686795
51653768
20366887
51911798
15156149
27424526
15228674
2326693
22334765
2402291
35303602
3448498
11346635
20363986
12482091
27802876
38916346
42560936
3665123
29559826
10940459
33072885
33058595
21439031
2807170
37007520
27501790
37821559
47696577
28974944
22701423
9757006
18035475
886822
38186219
53438128
42631639
50910825
9610862
47293153
43803002
7012116
44252528
5271614
11780517
25541864
1755264
14388658
50433905
3791497
52709698
1982629
21894864
28147541
5323549
25318061
47617708
30326366
20028082
8902254
23279708
52298751
29549011
28309128
36192045
1836518
2499909
52345006
37295396
34840620
3332633
29888415
46589327
43870010
30621059
40389100
49007287
19214302
43682502
826603
24299352
49754100
10721462
7239098
50692732
9722328
15064322
10117649
44511583
42738255
44090254
12073540
2009908
31478247
1419684
40587255
7689956
5711566
42885525
29503417
50336537
13870051
28233338
1322330
45232508
38713169
31431168
47993482
1094286
34524511
30642618
51133733
43749833
48826094
35309109
38289701
15438302
9575562
39536645
51274624
19545953
33209161
51793861
630
11705648
26240088
14467219
49286573
14562983
48461087
2529599
24943948
13678856
8894465
14000241
39436929
44511030
36283067
40112978
14621790
17113020
38722445
47038277
13486789
34570924
13033608
12517662
46909485
52653913
8039657
8678362
7389820
24837270
15501072
42292073
20282972
49907970
19100502
21975749
27306618
50065342
11373101
22781162
36320962
41149582
51033831
29615863
41373970
25755207
39484483
12418441
13966138
26338629
43065163
48657039
37894494
26660098
41925388
31426788
41133215
37878541
24716747
53350656
30359663
52952353
46125561
53207712
46933301
15913185
32907895
23628801
14494427
34758451
26727073
16889674
29467616
44623494
14032218
30384788
47539388
26187218
14631222
19209650
17830638
35119278
15001047
20959950
31676112
38393473
43705387
3314421
441823
9089800
29370297
28641495
29830307
1139691
52020392
45536145
50724958
47276557
49429164
16379873
23175463
13549959
38096259
27639623
27849461
53335846
50168276
33468562
7115401
48202233
8311462
17461694
34882657
23064289
45305788
43851750
16490535
45315002
10326799
7812730
12489943
15510929
26071907
45035210
20893869
31569467
32560158
4175736
40162296
12176749
11468118
6859284
41440624
46243988
14088542
17561449
29296389
1079155
12726581
23865777
52277534
10971131
15380897
13567501
12158023
1384062
42956224
30016190
1081209
48374964
23672424
34007456
47810236
37560185
15378641
23740935
30830973
24443437
12765338
47014704
18397642
43649398
16397026
3992592
51765500
31073824
26332078
11883382
3768262
19177179
38371293
4976478
29512894
22656152
35807885
47966848
14527468
8801787
29065875
20983340
10396290
29307702
2832097
265435
24479803
6480453
30045430
43325599
18534741
42834845
26316500
6617736
29493849
47080960
49446846
31547676
45917635
7809964
35585690
11093655
44832053
15480887
28892534
35537925
10223875
40473249
45309466
28161778
25389309
44903088
15972213
49398313
47186212
15745206
41411129
20919743
27993220
18780644
30102909
30113606
16142357
13366924
23232572
35413998
44035583
21848000
30254385
22301701
18347474
39721131
18102276
49306003
9604638
28393098
45608575
37323748
11826325
24360762
26231111
27930416
24245754
19018240
23718446
19163876
47594079
51257683
22203216
41610264
317546
14388803
35333358
51823737
6268571
18285996
21933427
10995129
4617251
6458853
42359203
38308113
9502802
3257840
3574684
23712102
29926250
43490475
36800262
33498935
1657296
39554830
2761309
23716610
13765995
5954357
38394667
51894415
43766698
39510853
36140353
25765055
36703862
25888779
33979551
48082316
42764847
31375503
35690705
49490549
51278460
6511487
3729530
24161808
36582087
50608641
3345710
35829134
36242135
46036414
13071964
34298061
7674400
26275445
15557037
12683296
32663769
11062960
31297063
21910028
50500102
48854654
44918809
50515789
29077734
45206192
36275480
46395008
5110529
26687436
42875464
42294955
52885895
2056423
32842727
26700464
33572547
49416582
51013794
50958935
28445540
21001567
21430620
25783129
16867867
32931261
818806
52223730
10155009
8267155
51792312
1967921
39461470
34663423
21258144
6795310
23285223
32984020
50835573
50537706
25750581
44612498
40525303
24933067
14103412
23094222
1909706
23053902
1698702
13884531
624805
20233200
15018588
32631161
12339400
41842848
3037368
29329885
1434043
5276476
14575275
31871344
34782799
28631714
48454610
4549191
40133501
46707430
34931395
15125029
7873366
5374428
22810124
41647398
51064575
49345475
14227673
37605432
11266696
41358172
53003517
34538425
30562104
50585364
41242336
10371000
46367605
14946528
37542915
44473623
30154991
31413733
33020687
9729731
20685803
42362970
33450931
32684619
52888763
8964277
52480837
3003084
51654624
6464392
20618324
8008414
14222423
25460042
9775803
21400186
42104104
4243939
17101211
30047989
53250252
45414833
52395611
20269468
11330891
31270265
12210217
6269284
34235275
8070957
17663974
26970658
37910057
53177089
21324694
22706647
29387623
39250331
32562074
8376614
4496199
12787279
51174276
1872382
44068531
34496102
15360613
51965174
33111841
6388530
47048624
15126973
666310
10934840
39058678
33238976
26493678
8173631
44717015
8881044
11605314
39642232
17822683
20508286
10776536
16404342
6449153
25006572
25267611
36120351
30437196
22360942
11831207
42487659
18953608
46838339
15509839
38592694
51135168
23743740
9805457
12058443
26331879
13621915
48686186
44076615
16478459
50817444
17105449
27735825
2130266
29896520
19597231
6576367
6281223
26420707
51523266
2216801
15380659
49735252
52048057
38976775
27722098
16095847
45458892
44439754
11652562
36076634
18393323
40643874
2654198
16846637
10178569
8796843
43557310
29500260
33488334
30535305
51610904
14737176
9473007
24937842
8640557
25403408
17388972
28956130
38012880
43981314
38666827
728691
8814574
45128563
39803215
22704900
26612370
94892
35140832
24534840
11896802
41221506
51758534
34499713
37297631
47232447
4193564
44490633
39399569
49924608
27473522
14455136
3761391
5247413
765495
40731572
21266119
51158534
11387950
27960988
38255046
26444518
20069582
43356044
6364531
7461394
23635844
49988931
9911991
14313903
40881644
43318291
29515491
40844160
34481318
40977287
1706099
24785816
46259191
52931427
41775485
32303691
42163266
35152978
2661759
9288773
26134058
31136692
7234570
25222225
45818332
13368307
43935090
46159072
44775258
35105742
20019849
21576571
29205243
5969570
25647228
28777759
34782648
32591741
52714467
7468177
16007469
2124923
17314884
51820068
7689713
32467882
16958337
27431039
27395375
3896199
19101175
19993572
24877481
51208847
5874702
49453995
24699584
52276765
33970091
6762031
27704259
22334358
3474484
16736129
31931497
24642196
31094652
8955943
27543671
42764840
8339646
46211733
49011234
44256909
9319172
29313530
6027566
18006985
41958396
30375264
21275826
46008126
26698135
10263895
20924540
35364122
16725673
17698058
33539694
6407490
18356138
23538906
20331274
34640858
30943970
45947457
41459614
19182517
13242640
35199763
16774291
21035246
29115030
9300874
45087237
24099127
40158137
45242325
26074564
36230304
7576112
14105722
47210346
27058484
37179391
6905282
48823931
39123385
915836
24585880
45476772
16269642
45330089
49761635
45148043
13054965
2608105
30784873
11389495
37804999
20843331
23973740
24259807
11946499
1022180
44034222
1515236
5358268
23597655
29590976
38620518
284890
6648345
10743020
53051615
37048615
32816010
16108410
24096446
23099904
27813604
50628365
5040901
33720755
7885331
28837259
17911348
34166646
23972260
31343102
3107893
37084492
23683581
50388115
53365151
21667602
50671310
16827152
43628621
34630318
12757180
31821407
26536354
2721417
5536751
35505675
31937314
29067546
31818228
49486214
26510141
37938392
20252155
33205288
52039985
31438811
41525839
4459761
41907073
249075
2114762
10878593
39882868
43867133
24976700
43111911
8389087
12451973
17467641
9535262
34290702
12417347
11414131
128398
23785260
26218973
1857494
20695670
28023152
23160261
6681536
19265061
10868438
45425949
42627412
22577016
13997904
13740211
29707601
9094998
14064714
51270977
49040663
16425545
27333298
28365835
39133187
38944668
9417511
41223172
11589845
40164870
24895070
4854610
33717385
53084825
15347092
37147389
9029797
35534066
6748976
47593065
33088580
19084730
5536903
8644247
52634067
15045737
42571197
9240551
17583479
51913440
9371263
21427953
41215369
16783126
25264580
22516635
31058236
14112525
45289190
35863057
7562116
34004425
21201185
30161701
53389297
37138885
10363580
32538196
50870712
51631966
6377005
28727263
41474056
16107136
6640649
13778329
42116855
31580105
33720100
46381530
7138249
33935821
22814617
34284052
30193695
52545084
25458843
41660990
1745589
39048344
45398524
22677565
28254278
5619751
3159644
20942972
41633725
33692126
38698523
40414888
30692350
31889730
12277946
4657773
26187675
6189217
26194069
17482690
14949452
38596557
17051041
46174800
9555054
52954053
26319482
21939472
5671234
50692566
22767217
16918572
49841208
23671094
27488997
27317061
19946585
18121660
26324927
29161632
4205354
30225068
42390529
30193145
11343579
41136833
52020566
9707504
10592624
29510296
18861863
16201590
34717535
6044892
31147817
12325680
26509986
33918549
16791294
3575599
52383795
46274101
35091467
7237632
27180475
35042161
40427254
46186742
30089761
22691637
12164903
36968541
39374768
25995870
43064514
25870766
31922565
48486628
29568117
5738832
17453679
20678003
16775822
10843220
45319542
47589567
20963395
8113788
49325630
37670884
47764959
47675371
47920242
30297918
40302100
48624536
40935669
6563705
46068468
29358975
17409890
31756992
19633433
17614259
25284883
31103996
35033328
24353004
12101582
36285995
50858768
22024198
6299973
23326890
43658003
2052704
53214691
14309811
13402022
27882019
31130364
1006680
7824347
4932120
32155505
28061603
18833511
24805359
28491991
20163594
4045247
34694704
48598357
19009136
21753866
31888705
38057671
23165930
43128235
4986825
29450367
27396155
10210255
45485454
24425389
12652103
1421926
7260315
18351070
2573860
32549588
8412511
37292052
41724037
14784673
14048673
34267369
13151718
1155133
50756012
40258684
24677914
36549086
28030321
16936262
21019329
604682
52287786
30815389
33784995
50888039
28875629
41351370
21559500
13554792
45774693
52130597
24359295
10912209
40839838
30010615
10338506
32310434
12656681
6238900
27342020
11743658
22126140
34631531
21275108
33940700
35232061
6331360
48492324
35628188
41114901
4176072
39023611
41267462
50513738
10729381
40206925
20596286
37303254
20107952
39082685
42705718
3562658
48728828
32393931
12708742
22182079
41924073
37326917
32832533
16041174
32579050
45348608
12242504
2139360
48942639
36396684
41782394
26792998
41258523
4368659
16706146
47612700
41200590
23531515
24238877
4978065
7807624
25673402
35614691
25573679
5824807
20697947
27251679
40915433
35304342
53223979
20781637
42713974
39643314
45344824
14272404
35572800
6881087
21489427
14811707
9889421
18544615
18987756
14027253
35195876
32907921
30861187
29894260
24322791
29585774
30111380
45484368
15509954
7143519
19840342
40548209
2304494
50040916
41827447
38372815
50645424
8323185
27232311
23997604
24527744
45105003
510901
6105919
23818002
17857704
50450170
47478081
51441328
52402299
50085440
32359445
20047890
12838518
17090605
20098471
42660396
745479
21123402
36760190
41421955
51825977
28081400
34751381
37742001
13422963
48319051
16528911
21053793
1403462
36376431
40533267
7728100
45432331
44382234
5501534
845294
44258935
46199670
29569916
4016970
48505752
22008393
6546538
20882336
659214
2550899
12661634
26685899
43917634
38745972
38812739
22447652
12720574
16535050
49276978
30932742
48452626
28621529
320329
46454638
37099407
18932991
46257301
6448584
40903160
42876451
30594177
28438649
14648303
37857687
19035212
12245233
23960650
50058252
47223707
25893861
17851161
40906295
17772325
45641864
12705704
51170094
25214430
10978252
10891725
19873443
7677756
27803874
19478236
47188839
26524782
12747833
2864085
23365393
18413814
50976193
41570301
38361816
7504179
7561157
43346283
1279961
48210215
2170313
13352730
1059997
11504705
21835875
28147447
24949621
51895494
25689955
6347620
25042960
11727791
38887367
36660828
40320086
7518353
14977499
7338658
45497467
5985576
13773304
31201910
43756316
27945457
9734316
44284793
44896074
38382538
1630223
24394242
23487571
48835585
50563835
1288301
38749005
38868828
1708780
16384278
4708181
3597158
28331690
33241635
52221604
39753395
27167032
50951414
50256925
19983481
23574001
8807496
16968023
28425568
47681368
52541336
26679037
7508876
30500968
34579766
4926155
52107681
30687427
30611308
23594070
45429241
15078859
51348313
51349769
50360990
18666232
19613722
15020321
5467071
8283050
36926006
51441043
49036629
10009421
46869525
10412970
51679904
50619733
48059573
14662289
29659877
32661798
30270663
14999281
16738559
52683815
17286143
32670417
48128861
47175100
18785229
14948840
11061064
7353200
49473865
47512964
440490
17228966
4282856
12396361
40842806
1260868
51749162
19820695
40435110
47255311
22451239
8794453
43556397
27448757
52495630
36369857
45176421
3482987
24722506
31053476
20944723
25811839
34379263
52329113
2402579
21470084
23773824
45029025
13113059
28860556
3278637
17635187
23170689
44191872
18836826
5556009
14363238
9306230
44306123
22663765
8747340
30726573
4295490
5808453
40855175
34055290
44756573
49746219
13189039
41751783
25421521
29048867
6391730
24739664
5447189
40143849
12152925
27995265
12983142
16874197
48529732
41773071
2483318
4594098
6550116
18229277
44250372
38331678
47454826
49530324
7532911
36184465
18987922
19358778
26558565
52425548
19640427
2780436
11124181
11392955
39954551
41956107
11695213
24535646
22901681
5199554
32815075
16516669
18107241
12537260
24983544
47260488
38750364
41918369
46967241
14393414
32782754
42407890
11964567
49552014
3229652
35013926
33738266
6885849
10724955
3147877
23726135
25347885
26137156
20406706
18233157
6495643
19452993
34495774
46059413
50848193
24464660
16438494
9907224
27823856
9089309
10654288
18178494
12736191
38291020
4234322
39896620
13062551
25725360
44455670
9017733
38408676
11827991
12481360
51728455
25946756
10185124
36089531
37431586
41666712
13623288
11515255
33385764
25309317
40961490
30098021
25467108
36319901
48777126
44763405
9559407
29944439
24470047
8265755
5344304
4163885
25410867
38371738
33959043
10589749
45403001
52671561
27719148
28186464
23349796
2374630
49013557
1549178
11794320
13141568
22905053
21704941
25942898
16054432
48347673
16726440
21261627
29122595
28099294
17558725
22267180
765411
46105621
41672278
33621253
14055402
47225299
17853867
22173207
15857383
42635525
42682597
6445355
36138141
18004063
31601401
41459250
37109782
29253933
38518196
1768601
18201313
12402469
20742901
43963007
24873179
32366238
5792181
22798666
49623924
21256619
7751211
42381564
21237338
1920511
5517163
16305064
27135717
43128455
24519216
26234679
39817333
19555130
23107364
42315293
32645409
44756520
21980919
25940965
34486043
48264890
48465749
16671003
8824958
40307249
28529522
7999093
19074496
39456276
31371867
13621465
3794302
39606391
11427793
34863099
51043156
12664535
18025580
25507769
16792754
48202511
18364454
48471066
48616396
22927429
51551972
45111173
38870456
12947772
44981980
32256961
46810201
40994027
26501479
44529311
2676512
44524829
17020139
31711891
43448809
14264556
26428525
17156431
34583698
52634865
12334919
13196382
30242040
374419
16163586
34688051
19658583
46003449
1552901
3656067
40280512
20142891
4857890
23216757
27579851
5352519
29940101
53400365
46652642
18694423
36305360
53018130
8877270
52268390
24466642
25714522
2308074
32703858
18133705
38965835
52614812
24072112
49719848
5573124
36124276
24279199
2393167
33002882
7202713
28368997
4019078
25093157
41305712
34598619
45443554
12376938
30083949
42683288
48889842
19123231
29754317
19208764
49614904
27211278
51519112
39322733
48106360
31349998
33590205
14676233
8877643
15828021
36796220
52110606
37138522
6804202
471222
31385815
32786323
6221588
7641082
52957216
36770643
4675864
9476482
3294486
35665692
52541624
45100694
20303702
28343186
31284421
4615987
4176692
49443951
44562678
46411760
41986123
23145650
28419984
23127036
10881345
16551823
14370480
47018522
23734584
31011926
28359963
15407038
22400932
11866980
26236223
6925590
19869073
34357972
8462502
36821155
38421185
29725784
39180992
12485394
1853958
45558073
42499556
39858805
20165911
12146649
25480422
52741763
14498196
51140813
34317733
14993511
22728058
52352866
33060114
40183027
48046198
34553501
516107
14682285
30257973
3684341
19623639
41391150
48608700
5874046
2217107
48822455
40902829
5058159
12336731
51860828
37628532
51028385
46133956
27411711
28687388
21867638
27665091
36113939
18841197
1513288
36831062
25880452
36873415
20082703
16951811
40505618
21639739
38068043
28894657
1923230
295854
49201345
6911888
50099247
53398790
19054812
33062286
12762954
8361574
32317732
9718023
37753867
425163
32304681
32215620
26609734
14623824
48756895
5716446
44865571
36294221
36652044
1024366
31269540
37651396
2243714
13441601
7428874
45055667
5194979
4003509
52233949
26605553
25816196
14266393
18549925
22516646
5783342
50459759
48257089
25691310
46668234
41742496
40469952
24693525
27949270
41573799
14275505
30273881
51834598
36636245
41549157
18181331
34957879
20386294
34688362
20929239
4588489
48330002
5699835
734844
1349514
47838580
27416769
48069606
46948618
47623054
43797275
33803441
26562090
35578863
7230797
31393323
28006056
44715889
46256550
12500461
17195594
20720082
23920084
23092038
20079081
46876263
13906810
43549603
393037
34896258
29899234
26458370
33655080
17431844
41218181
8041742
19675944
42482917
18175690
5489227
27934657
52526908
14154865
25691709
9240522
963705
51248601
47194966
45199749
24158464
19132538
37960234
31787281
22378893
43686576
41296987
5631479
47811034
40220446
24662346
34281026
50343947
39409920
36636021
32403743
48066561
25187395
1539456
23488027
24541922
20045445
42744070
45652474
30644659
37346794
19552066
19691175
30038004
36190752
48274218
35521163
43602972
30109610
41195749
29299866
44809048
43231404
17738643
39331358
29853904
50381264
40059478
45501572
41605898
16322832
31870392
14826214
33068746
29122010
12896120
33659254
32708399
37036866
11568733
16853841
5669620
18185422
27336003
22909228
29076094
15101149
20917758
2841487
24286426
9012937
13804972
26293373
62624
39590089
12667813
45117592
45213025
38824422
1003092
18529065
47574686
46086162
50099541
28923956
53081442
4027907
31772779
24743374
7554217
32213155
18850412
5343445
21981847
28254140
23389077
26408216
3385102
6862001
20350850
17428289
34930401
28961768
13970006
44384884
44956958
2072313
48435283
19151299
17801685
528013
6322653
49243802
35956094
39824817
31621104
3750915
49519585
51638683
47144152
18545197
15188189
32724514
35205067
37749468
42750347
8016307
13083335
38440567
34712428
13840465
50884440
12511374
34855991
33120564
24858284
30667131
8848308
11857263
25847482
24143512
39096120
38530972
2650413
26772372
37984659
48279349
6923028
23484807
15674325
8711343
503861
17337104
21627781
37343549
11976572
13142663
3970417
8876352
31458918
34652545
33602084
27356695
35204996
5715754
6351031
39662257
45782711
16051603
30226329
3625167
40847216
8337392
16241397
30262869
16387504
17632941
48220239
23553654
37106881
18961932
30312813
10043552
1894190
30996773
3362763
8467679
44910118
15324683
42957223
3809050
1794088
49712899
27670713
25095441
6440623
17990731
10623172
36618336
34444695
3901761
51198395
31885875
26407837
11723295
34033809
4492036
16369535
48273118
19575026
26269034
52067871
21807951
33480840
24799145
10886811
48162376
5427894
31248335
33983246
33804868
14622136
35094725
23241779
1771398
45131367
9423925
1933243
33660801
29580689
41945075
21450875
28192675
3268734
10451976
49597682
10437728
2472516
51885303
46750788
42068360
45027791
39336442
12632323
20586513
28060679
52511107
41352754
28697584
42473415
32152179
10914580
47316822
7133208
29547368
2109985
33557443
28072441
52473425
5142982
17425265
2770400
24335894
45300442
6047875
41115281
18475374
14978255
37582312
26332683
51467709
30770192
18658165
16413634
49199703
40698108
41537747
47053285
22465733
48175611
49947662
43255928
37011842
5385917
9983536
30172203
50848729
16223603
18295808
29289912
28558518
42474207
37253161
16025452
38474437
33440492
41664674
36788048
17729691
29169717
46461027
49723603
19188192
51204939
38904994
46938358
23400066
25257253
33168485
22978877
43611219
49628246
14975597
2246273
17697655
2433507
14876092
38908820
363409
50046062
14896175
47764529
46946245
47907860
5207214
41341197
24258492
44721157
41166904
44316263
10082742
4319214
32851549
13461698
49892294
33691220
24895706
26295587
30487485
21815405
2333224
41301876
20758556
26477779
17889583
37218947
50278406
44413167
25578153
34344057
44440185
8144654
44231167
10860102
13659765
20677188
11288279
13753114
51388269
18558929
52216618
2916914
49386832
10364086
50667458
3006130
3839178
43128243
7662844
5730356
20672816
12475110
2975326
15356321
26792751
39648757
46025919
3563698
28869807
50423226
48905689
46159569
19746357
562634
14833691
25225899
45895983
46421822
50714842
36513455
29130789
49566242
16636698
1668611
45297707
25410798
36085250
40445374
22050310
2767471
11319687
41813058
38382646
44740001
31730736
49035014
14823771
14927453
23007974
47538232
49765226
17253704
16410595
7450630
47232749
9269278
40742106
25761259
18443386
17347635
17033053
21619781
42064934
50245081
48059081
3851682
25857310
14231347
12223312
29762138
14318009
52185807
36937096
39821104
33429543
36692513
11652255
76468
50211615
20495022
7073554
33078665
9987557
45706803
5785238
37074888
45282723
18259547
22343533
37463211
37162279
3859032
45123
35386562
27857180
34852247
39788632
48870265
49612281
8586288
15357273
5166761
8351965
12538217
25232992
38106699
24047454
44317315
52925957
25922988
53113234
41083302
16742176
7967282
43083082
29055042
39464241
6271065
41538287
41421019
46846350
21725056
33912106
29007244
413576
49991634
43462782
29893268
46403306
24359517
25395088
19273680
725302
38698736
15993445
29475239
43190790
38046152
44825275
3114172
10531184
12361258
8395943
50184214
43369970
2826900
17012150
9734057
9388883
48847010
4694377
6643680
43216896
10367795
32668987
4006159
18978428
52422043
19573643
12361920
19234224
13908741
33006587
45427635
36464796
1069068
43457551
44644220
40480665
37865717
30950408
43272392
14459110
49048959
15264274
29833347
21690074
40837191
45778995
28263826
7124430
31647112
2426806
34634366
28755136
7282172
6390808
53377315
6892451
13645321
46349210
41256439
45722184
6325147
4029422
21311841
39195063
13628821
29831784
8714021
11843074
10842299
34923421
49401968
47242050
48214770
27806656
48985701
18479652
33417496
21476428
31397431
10215694
39313484
40875249
33422769
15056059
51713415
28308518
46018900
51349759
44812274
47946002
6141306
53413364
11402551
26143162
37057593
52742033
26958295
47637904
9114044
38863977
45774167
32835910
12551471
21982067
29112597
24700064
45348126
32430817
24788417
301597
13639485
44434043
52006087
36206039
7354405
9479358
39464935
36599490
9040944
2241871
43840047
14968700
21251938
20165003
6222860
53064599
17381270
22553630
49765047
18489525
16349004
25389989
43038560
3769487
21101387
12692533
4896458
42062356
44245369
13078441
13604535
50472627
44187261
9220947
7441356
26288175
26417452
1899607
37738770
28703455
10180089
18220679
3826913
40083083
7746563
17723733
53205430
47332786
48302448
9041656
35423952
17567166
46461132
43278176
30208359
39619616
26651352
35235556
858995
17977842
29048099
16402162
23270998
13119944
34825025
21826281
19362195
6481966
44722696
42987864
39057150
38388730
48281741
38915210
46088872
46141727
21680606
22003138
13279000
44946407
4916143
12261657
27322214
18295213
30041472
30264598
9523264
22439723
50592911
24951059
53145752
39708990
3847896
14560308
19337213
6088170
36940222
41728197
21903721
16623825
16694082
12031771
26950345
15861338
15478288
13212475
39909450
1558653
34702343
40639161
22442808
22106872
15438081
15198182
52172080
18657069
12701208
2192398
39723682
46268887
19585241
17490099
50097434
24054504
7794429
13793136
44049224
5310212
4255797
29428726
23195557
6458174
48494379
10207584
36517500
46483515
1117384
2956399
10094653
28289225
945504
52817736
51316787
1227474
49152267
53270473
51209262
683124
12928925
41074439
37502017
23796448
29827361
15839099
8012941
2059436
17854630
9537177
33094127
26596879
51167318
32019303
11984813
46141698
44111411
36140884
17142443
22956722
44065111
25096621
52859459
2685020
24593907
44048259
3799503
17555825
48193915
46143760
14554615
14742321
41069159
14388645
47385898
15155391
19767946
45471843
14890378
37167868
13789353
23177723
10239157
4552527
45570064
27358357
16472529
13950006
31841030
49154726
26429735
17413776
32856164
50858186
41658616
18975244
16158164
42560498
9596945
2062736
42774833
53246983
53261255
48743442
3910500
22983407
14239477
9984357
47927071
39565469
15816588
45192921
199674
26912315
11428984
28005707
24142200
922532
15495296
15925555
52425836
33817810
11796026
35028473
14880491
18087086
34438669
48298048
20509616
37383687
12797070
5843514
30174717
7385247
15639
32867882
18123341
34498369
36212473
33740251
13661168
2962787
18457768
27674360
13138293
15952154
14368963
24063866
14095215
25621866
493853
41761571
40296847
43214562
22059799
42033596
40611236
28588679
4027359
27933622
1749683
3465988
42239814
2714718
17118477
52932126
14770519
8383229
6210731
37597145
5783826
28051450
12531676
27303741
584798
50742558
5063518
16986684
30919285
40091135
36154317
2479878
11278801
49636421
29327808
29611929
40594867
6072375
32281298
38617092
48499513
22656972
43082174
37839299
1041114
10650913
18872295
39359061
44021892
44340842
24909247
7779579
46222757
4612331
17397335
53253894
37329971
53330261
4381640
10281668
52329826
34465095
7621517
43480133
26204666
27290512
17261233
45653208
42980997
30565691
46659243
14802578
32964437
14469388
2863759
9676149
47636281
8422859
25367802
35032419
51784821
48616482
327818
37398717
23560526
48223938
48384446
18696762
