1000
8341551
12979202
19661155
20320578
20585010
25509931
29446582
30367262
33957938
41420188
42748874
53757668
54812853
54919467
56192178
57559144
57942757
63964819
69156010
71770086
75907315
78989130
94965661
95714856
96168618
97418068
98239636
104152428
116394480
119550942
119612410
128846699
130307044
131035004
133307870
141364338
147079372
148597461
150276843
150539164
155013635
166870816
170083225
170088600
171580601
172057232
172916442
174356588
177867000
177947319
178141910
180687618
181764082
183133990
190856402
193950244
196479208
200370816
202572271
209337744
212892368
214848583
220423138
220541616
223358030
229452873
239227247
248262694
254764725
263930842
268840385
269308251
271002328
275977043
276198402
278159656
280317842
282017622
282725482
307713585
311654534
314508527
316096399
317859050
327626028
330393557
331156071
332533751
332809223
334449368
335693826
338896151
341973261
347569467
359933401
364134133
371673119
379655382
383544019
385095366
400972368
402853386
403334729
411059580
417359433
418135948
418660485
425618361
431762983
432171666
435971633
436691295
438047828
441608760
444148792
452469878
462172206
463153008
466313195
466642137
467037182
469520860
475605636
482022739
483425673
493771358
497180784
502728555
517472972
520437494
521681552
522525308
526002611
540693839
543563656
554305674
559687276
565794394
567835900
581594667
581853445
585515206
588736266
599335717
603672456
612193885
614357121
615932644
617626752
618035417
630461917
634346468
640764059
645887359
649088288
651044152
662730441
668357500
671694821
674637622
676558933
681082694
683424364
686972154
692668411
693593759
695861356
697636141
700457545
708983264
710553746
710762291
712527970
714104650
720441128
724529939
731057858
731276643
746282987
750018597
755172662
756304458
758541075
759062594
773525221
774273772
775839897
785336262
787106619
788219707
807304010
807541935
807692712
807945333
810439128
813585721
816972925
818954601
819932994
830280213
832712365
853619757
863249660
905447028
907019497
916682539
921385836
927478886
931099569
932412699
943872549
944143573
944981768
948661575
948731100
950286764
952116036
957093847
957110420
961810682
964832535
966854726
981416609
992832915
997988373
999258186
1010111711
1010643075
1014985274
1017459790
1019502311
1028154538
1030648369
1031676540
1038253516
1038683090
1040809650
1044008623
1046372064
1049167261
1052204000
1052523698
1053309436
1058176097
1059724759
1068065121
1069353914
1070486895
1075063561
1077809655
1082222144
1082594363
1087591595
1091791464
1096427405
1097618342
1099178923
1101952052
1107234909
1109656490
1109986087
1111438129
1115253895
1118976706
1122048112
1130517724
1136202619
1156583559
1161303251
1163148647
1164387582
1192836514
1192977570
1204121692
1206480301
1207586862
1217878703
1225606394
1229074445
1229672155
1230050642
1236414434
1239814757
1242047801
1244296722
1247871950
1260682464
1260725849
1264980204
1266115509
1268794220
1272000578
1272721814
1282746660
1286230400
1286276560
1288246112
1288713739
1289372031
1296137263
1314860289
1321094617
1325954213
1330722005
1334200887
1342595889
1348355456
1352756253
1361393554
1361979860
1381909212
1383094765
1383547970
1384401069
1385579182
1396402884
1414208474
1423646414
1427970678
1432174793
1437415358
1438740693
1440023138
1441230897
1442794331
1457457482
1466325576
1472292599
1477580229
1478169126
1478690842
1478776691
1480861808
1485659053
1487803353
1489456909
1490712046
1492198512
1492285191
1497121706
1509118784
1515015752
1516508885
1521362556
1526822951
1529033040
1529838457
1531537155
1532051095
1536783622
1550976949
1551524286
1556639588
1579352933
1587694106
1594559349
1601178904
1616208231
1618171533
1621193889
1621642223
1622807745
1627679874
1629576642
1630021630
1637025489
1639464147
1642404198
1643928097
1656234485
1656704242
1658404662
1661217880
1668694115
1671498874
1673294914
1685537688
1690910502
1694318433
1698039196
1698372652
1701868246
1707737105
1712602480
1713843176
1715545905
1717241573
1720329212
1730024831
1732842785
1743284258
1756497497
1756578637
1757945510
1759977604
1763001261
1763589877
1764781505
1765752471
1766677952
1767721037
1769766462
1776889435
1782349091
1783113249
1785993196
1789350652
1790194634
1795189489
1804339305
1808625502
1810985197
1815090790
1819569997
1821580524
1822496404
1826649322
1827939904
1830038544
1830832231
1831741609
1838417488
1840318252
1842299055
1852013857
1852197655
1854303653
1857815944
1866951135
1872892479
1874601410
1882066302
1886209204
1888053468
1889620280
1895179825
1899050799
1899720908
1912427248
1914075208
1916028179
1916488883
1917604630
1921412573
1921984180
1922368606
1922511414
1945980363
1948402241
1954028355
1960779214
1968265360
1972897914
1974018825
1980373522
1981555566
1982758117
1982819984
1987709093
1989024743
1989358762
1992050267
1992306092
1995114782
1995117568
1996566487
1998283718
2001563113
2001631427
2008498570
2020091559
2030452281
2031771967
2036035732
2037259532
2039620172
2044939810
2066043793
2069183879
2075273015
2075481500
2078309453
2079196654
2085043483
2090430297
2097232968
2097566073
2108235429
2109486631
2112302527
2116755442
2117028218
2119392139
2120575353
2125551518
2127169440
2136951400
2140282122
2141659680
2147364368
1697646425
769414925
2051020162
1368874616
1952988431
1126126226
977473602
964691143
870318587
451233315
593980369
979254794
1895840353
585111849
1844458470
328082604
1392839947
288762289
2117419005
824122621
864180675
16938734
1696674258
810960817
1188708316
1590713269
816972778
875234400
348665002
623204608
209528842
164234244
1087842821
1760850028
841495997
487811966
585778379
908725947
703473875
1025115665
800465755
1008928338
1528770525
816318437
826422298
1244797372
1822231218
448290949
1332616178
471733797
1969256685
788208994
1751723214
1990163935
2096314476
911563854
960130079
333791969
1274352595
1667059201
1446521178
1611731267
211353863
1994475672
1938957432
96086468
992366515
878733841
2110211189
1248480324
1719166918
646859472
36658641
991834698
1081939955
869482525
1735395602
684333439
2126083120
46935715
1980369215
1959943728
180503607
784887027
818692711
764552656
46400008
1280128511
2103197720
2060917109
167733350
1032924063
481577961
1516449878
1766068565
1459710224
1939805168
745343571
2138842274
1404970352
591421772
270490221
35722843
437937731
1904959133
269967690
230847827
1344225777
30043783
518420402
109332896
1074344517
1561924147
1670654228
1218118428
214398704
1256873934
1444568578
685078503
914229252
2038565128
736499377
1158705891
1862670457
1987735957
341456250
616518199
1047210156
2000704943
1162762587
694760908
2003642587
1905459347
1468680311
1328102867
2080385962
67769088
1934387858
1026513213
1372399777
781081019
1288197014
641606722
112152235
1524315149
1889754640
2032948955
1698129561
889391683
1618433460
1634026312
2032747933
1407931437
2136093141
392717451
1677479888
835465120
1312251885
21593322
22940332
1957955316
2023431708
590169201
1538080658
117589895
820602272
1607542637
1887383109
2146248760
1560241506
151196914
1159483245
1543405549
313461865
1076321622
1258235670
93400077
1681859685
649339060
341321518
760743687
2095676453
1588940139
1485578763
1926786761
224141857
1531457180
1219775714
1558862665
137965297
19008176
874140241
574293248
781590484
386486735
2092922070
1103895402
1820213546
106454121
1540899157
1802701703
91171066
1803499953
1984713110
945378909
282804590
1988103709
1094131397
863663988
1185440593
460521960
913007600
841505624
464584856
318979984
1491669132
2089248283
776101590
720306776
158092017
1175587281
43999686
1720333511
719258330
1981115666
259941829
1866145576
383914982
1077027195
445196885
1425942024
1648982041
215771692
1692224667
518068410
1906117211
836702796
663572962
730337238
1570330872
2060866433
1612661270
1638554550
665716766
28527736
1829655114
814809848
1048593506
1463420771
2051415859
1620922623
1382434108
2072383606
1034713002
868381810
2045665159
646126697
59979566
1443245499
643180546
1618099962
189280351
503582088
1746150865
1785278824
864495492
493568846
55579900
1993353464
1996774662
25131969
1415919855
837107060
954410995
1133989726
73613048
439967655
1631592573
698237154
227487949
691036130
1235769976
378751951
266499843
1267008634
2040344543
722010862
1971743640
700723272
857086799
900153032
1734114410
1087248679
1325212298
1940413483
293166525
1247350394
1773097206
559680172
933514426
1970098083
1602241051
1520839455
433676778
1860727437
422853673
1266433568
684291007
972708387
679959151
812278414
173541643
1487551703
883312613
655385610
1847483271
1146043164
917768612
1319065981
837249614
907544044
105273704
945771407
1446190175
1065686339
904335381
673979185
1119253278
854355618
1066672175
620036116
1524190419
1542814604
21045344
1497118511
1647785770
136212492
156460534
1134053693
824267186
1597456686
858009443
926290236
958021726
199633794
327311035
743656175
1499213319
874858908
892355641
1623470429
55664359
1103116951
627275962
1215245649
790319904
2060998797
1346783296
1305416664
537753907
1784839968
762784881
1651799238
2033152137
413688308
1015568150
1602320689
566123502
331838258
1367297180
908874227
2041136145
1211062791
827723414
1883321901
1578502661
690387235
2122012217
10449343
2111531459
692454715
1968266974
1673069521
2114260134
49949575
2024620164
269897037
1851010029
1359300677
1851415116
919752546
230507324
1996238132
1805012219
1411086850
1592218395
1506179098
831718779
263522917
212743030
1747155262
2046252890
1836480900
514029084
1931618798
324872010
1305180831
2106218816
1453994747
1305552287
1043401144
1205553659
1911685944
928454868
431819286
1984067272
1879602687
677722118
2039772355
1344238086
1615727019
543430008
1970542350
805725306
519579167
1915951373
875127049
406867914
227570494
1084492497
1276658699
390619395
460537713
1258171761
1941446960
2085507859
508655140
158951614
34883540
1538810192
2058364489
432342062
1061880860
1671186928
476649683
2072211802
84950382
4743310
1059747644
483010177
791291123
1354379436
116523520
916654340
1542747164
1797795883
1754814240
2039375848
2094938906
1903821269
1648707744
167446103
921386852
1976190931
66405129
1288779295
322005557
787154487
1207583720
65733170
2136819468
2094994804
997875789
982935844
506204714
1029645537
1995201356
34875312
1743935255
1884769593
1721650304
2115769140
454500126
745026334
1664243331
1096221744
2090151884
1667512721
438070647
2045071563
1752914293
1993688188
1176841600
1842763598
846026159
477498152
938164552
1202854054
1445082581
314145479
